0 76
0 21
0 153
0 30
0 62
0 47
0 73
0 75
0 42
0 80
0 86
0 137
0 2
0 79
0 66
0 27
0 26
0 36
0 38
0 19
0 18
0 44
0 15
0 14
0 45
0 12
0 61
0 69
0 71
0 1
1 73
1 61
1 51
1 36
1 7
1 79
1 9
1 74
1 30
1 4
1 33
1 68
1 70
1 20
1 26
1 12
1 0
1 27
1 28
1 43
1 44
1 15
1 45
1 11
1 48
1 55
1 56
1 58
1 69
1 47
2 154
2 27
2 156
2 14
2 11
2 38
2 77
2 40
2 122
2 155
2 69
2 120
2 0
2 45
2 59
2 37
2 35
2 60
2 26
2 63
2 19
2 68
2 71
2 13
2 86
2 103
2 131
2 146
2 3
2 66
3 155
3 51
3 17
3 61
3 13
3 30
3 56
3 146
3 14
3 73
3 45
3 143
3 62
3 131
3 103
3 21
3 120
3 24
3 26
3 77
3 35
3 71
3 68
3 11
3 64
3 8
3 63
3 59
3 2
3 57
4 15
4 73
4 41
4 93
4 50
4 31
4 24
4 28
4 17
4 8
4 35
4 43
4 33
4 11
4 58
4 70
4 48
4 9
4 29
4 20
4 7
4 6
4 95
4 55
4 51
4 52
4 53
4 39
4 57
4 56
5 26
5 38
5 72
5 32
5 30
5 36
5 42
5 44
5 61
5 25
5 23
5 21
5 62
5 63
5 64
5 68
5 16
5 69
5 14
5 71
5 75
5 11
5 10
5 78
5 79
5 103
5 119
5 3
5 139
5 0
6 142
6 17
6 20
6 24
6 51
6 55
6 72
6 22
6 15
6 70
6 28
6 29
6 31
6 128
6 34
6 10
6 39
6 43
6 85
6 7
6 58
6 48
6 4
6 160
6 49
6 56
6 50
6 52
6 53
6 33
7 95
7 10
7 11
7 72
7 55
7 17
7 114
7 39
7 9
7 110
7 93
7 35
7 50
7 48
7 142
7 58
7 41
7 33
7 8
7 53
7 6
7 20
7 4
7 28
7 31
7 43
7 70
7 51
7 52
7 29
8 16
8 41
8 49
8 15
8 6
8 35
8 24
8 20
8 48
8 50
8 17
8 33
8 28
8 51
8 52
8 53
8 11
8 55
8 29
8 9
8 7
8 30
8 57
8 58
8 4
8 43
8 39
8 72
8 70
8 31
9 41
9 17
9 10
9 7
9 49
9 58
9 43
9 20
9 28
9 52
9 29
9 35
9 15
9 6
9 57
9 8
9 55
9 24
9 48
9 39
9 50
9 33
9 70
9 73
9 4
9 11
9 56
9 51
9 31
9 53
10 114
10 124
10 23
10 4
10 128
10 20
10 22
10 28
10 17
10 29
10 31
10 15
10 34
10 39
10 43
10 48
10 9
10 49
10 50
10 7
10 6
10 51
10 52
10 53
10 56
10 58
10 62
10 72
10 160
10 70
11 41
11 28
11 30
11 7
11 70
11 52
11 73
11 48
11 77
11 58
11 17
11 143
11 14
11 43
11 57
11 56
11 20
11 53
11 9
11 8
11 24
11 51
11 64
11 29
11 4
11 3
11 31
11 33
11 35
11 55
12 77
12 3
12 152
12 1
12 143
12 89
12 81
12 76
12 75
12 73
12 71
12 68
12 66
12 62
12 61
12 59
12 56
12 47
12 45
12 40
12 36
12 35
12 26
12 22
12 20
12 14
12 13
12 11
12 9
12 0
13 264
13 68
13 80
13 112
13 77
13 36
13 18
13 3
13 69
13 59
13 26
13 152
13 45
13 44
13 40
13 38
13 47
13 63
13 66
13 75
13 76
13 81
13 104
13 19
13 122
13 144
13 12
13 147
13 148
13 65
14 56
14 20
14 8
14 3
14 0
14 45
14 62
14 57
14 69
14 23
14 35
14 21
14 59
14 19
14 73
14 44
14 16
14 15
14 4
14 75
14 12
14 5
14 58
14 55
14 51
14 77
14 11
14 64
14 61
14 68
15 62
15 1
15 11
15 64
15 56
15 23
15 9
15 48
15 20
15 34
15 30
15 39
15 58
15 4
15 53
15 27
15 7
15 29
15 70
15 8
15 79
15 10
15 52
15 6
15 43
15 72
15 51
15 57
15 50
15 28
16 142
16 50
16 70
16 72
16 28
16 43
16 5
16 58
16 52
16 21
16 64
16 116
16 79
16 17
16 141
16 4
16 15
16 136
16 30
16 20
16 51
16 77
16 32
16 7
16 29
16 53
16 31
16 8
16 11
16 14
17 50
17 22
17 28
17 24
17 33
17 72
17 51
17 9
17 35
17 85
17 41
17 56
17 11
17 52
17 31
17 20
17 6
17 48
17 57
17 8
17 7
17 43
17 58
17 29
17 4
17 39
17 30
17 55
17 70
17 53
18 82
18 154
18 150
18 61
18 65
18 66
18 69
18 1
18 74
18 75
18 12
18 47
18 44
18 77
18 37
18 80
18 86
18 27
18 143
18 21
18 13
18 76
18 0
18 149
18 148
18 45
18 38
18 26
18 19
18 152
19 68
19 79
19 156
19 44
19 119
19 77
19 14
19 89
19 47
19 65
19 154
19 60
19 80
19 152
19 149
19 148
19 144
19 76
19 75
19 66
19 63
19 45
19 40
19 38
19 37
19 26
19 18
19 13
19 2
19 0
20 93
20 114
20 110
20 136
20 72
20 28
20 17
20 29
20 31
20 15
20 70
20 33
20 58
20 57
20 11
20 39
20 9
20 56
20 8
20 7
20 6
20 55
20 4
20 41
20 53
20 52
20 43
20 51
20 50
20 48
21 44
21 57
21 89
21 99
21 45
21 18
21 2
21 68
21 32
21 19
21 75
21 74
21 0
21 59
21 26
21 71
21 78
21 69
21 36
21 82
21 16
21 14
21 38
21 63
21 103
21 62
21 5
21 3
21 60
21 25
22 27
22 39
22 69
22 28
22 43
22 114
22 20
22 72
22 48
22 17
22 128
22 15
22 50
22 51
22 12
22 11
22 52
22 53
22 10
22 9
22 8
22 7
22 6
22 55
22 56
22 57
22 151
22 1
22 160
22 70
23 34
23 6
23 33
23 56
23 17
23 57
23 20
23 64
23 15
23 14
23 55
23 43
23 53
23 11
23 10
23 73
23 8
23 72
23 51
23 7
23 35
23 70
23 4
23 28
23 3
23 50
23 29
23 30
23 31
23 42
24 97
24 73
24 77
24 41
24 39
24 17
24 43
24 35
24 31
24 33
24 28
24 70
24 48
24 11
24 50
24 9
24 8
24 51
24 29
24 7
24 6
24 52
24 4
24 53
24 3
24 55
24 56
24 57
24 58
24 85
25 15
25 54
25 119
25 64
25 79
25 45
25 140
25 122
25 13
25 0
25 154
25 90
25 80
25 78
25 75
25 72
25 69
25 65
25 63
25 62
25 60
25 59
25 38
25 37
25 36
25 34
25 27
25 21
25 5
25 152
26 86
26 57
26 59
26 63
26 61
26 60
26 66
26 68
26 56
26 69
26 143
26 45
26 71
26 40
26 38
26 37
26 36
26 74
26 77
26 148
26 149
26 19
26 18
26 1
26 13
26 89
26 11
26 3
26 2
26 47
27 43
27 28
27 14
27 51
27 68
27 36
27 45
27 38
27 1
27 35
27 30
27 61
27 64
27 26
27 25
27 22
27 20
27 66
27 69
27 15
27 72
27 13
27 74
27 75
27 79
27 8
27 4
27 3
27 80
27 0
28 73
28 160
28 52
28 95
28 22
28 34
28 20
28 9
28 72
28 24
28 55
28 10
28 15
28 58
28 31
28 29
28 57
28 48
28 50
28 70
28 8
28 7
28 6
28 51
28 56
28 4
28 53
28 33
28 39
28 43
29 15
29 35
29 72
29 110
29 30
29 43
29 41
29 8
29 24
29 95
29 17
29 58
29 20
29 56
29 55
29 11
29 53
29 28
29 51
29 31
29 50
29 33
29 57
29 39
29 4
29 6
29 7
29 52
29 48
29 70
30 6
30 77
30 24
30 39
30 55
30 23
30 4
30 70
30 20
30 56
30 73
30 7
30 31
30 53
30 15
30 33
30 79
30 41
30 9
30 51
30 52
30 11
30 8
30 17
30 43
30 48
30 29
30 58
30 57
30 72
31 48
31 136
31 72
31 24
31 43
31 23
31 73
31 17
31 30
31 35
31 57
31 39
31 53
31 20
31 55
31 11
31 10
31 9
31 56
31 8
31 7
31 6
31 51
31 4
31 50
31 28
31 70
31 29
31 58
31 33
32 79
32 14
32 69
32 95
32 87
32 62
32 33
32 103
32 9
32 146
32 61
32 8
32 157
32 141
32 77
32 155
32 42
32 73
32 72
32 5
32 11
32 120
32 30
32 16
32 58
32 57
32 21
32 3
32 51
32 54
33 17
33 160
33 34
33 95
33 31
33 35
33 58
33 39
33 8
33 53
33 30
33 11
33 50
33 6
33 55
33 9
33 29
33 28
33 52
33 43
33 51
33 57
33 7
33 4
33 48
33 24
33 70
33 20
33 41
33 56
34 49
34 77
34 85
34 73
34 24
34 56
34 160
34 28
34 31
34 33
34 39
34 15
34 43
34 72
34 70
34 11
34 10
34 48
34 9
34 50
34 7
34 6
34 51
34 52
34 4
34 53
34 58
34 128
34 55
34 29
35 58
35 55
35 28
35 43
35 20
35 3
35 17
35 14
35 143
35 95
35 41
35 77
35 73
35 70
35 64
35 11
35 24
35 9
35 57
35 8
35 7
35 29
35 31
35 4
35 56
35 33
35 53
35 51
35 48
35 68
36 15
36 144
36 27
36 65
36 19
36 62
36 10
36 79
36 21
36 80
36 5
36 140
36 44
36 40
36 69
36 1
36 37
36 38
36 26
36 25
36 45
36 47
36 147
36 66
36 71
36 13
36 12
36 75
36 81
36 0
37 152
37 277
37 60
37 135
37 63
37 54
37 127
37 65
37 129
37 66
37 47
37 46
37 45
37 40
37 38
37 134
37 67
37 122
37 26
37 144
37 147
37 148
37 19
37 117
37 112
37 149
37 76
37 108
37 104
37 264
38 105
38 126
38 148
38 122
38 0
38 134
38 80
38 76
38 75
38 68
38 66
38 65
38 63
38 60
38 144
38 54
38 47
38 45
38 44
38 40
38 37
38 36
38 27
38 26
38 25
38 21
38 19
38 18
38 13
38 149
39 15
39 49
39 114
39 33
39 93
39 31
39 72
39 142
39 24
39 56
39 17
39 20
39 70
39 55
39 29
39 9
39 8
39 41
39 7
39 6
39 43
39 85
39 4
39 58
39 48
39 50
39 51
39 52
39 53
39 28
40 63
40 60
40 80
40 149
40 264
40 38
40 19
40 134
40 152
40 46
40 45
40 104
40 272
40 37
40 108
40 112
40 117
40 122
40 81
40 277
40 129
40 65
40 66
40 144
40 13
40 12
40 147
40 148
40 67
40 76
41 58
41 160
41 132
41 35
41 142
41 17
41 9
41 173
41 8
41 30
41 55
41 28
41 11
41 24
41 93
41 7
41 6
41 56
41 48
41 57
41 43
41 39
41 4
41 33
41 70
41 53
41 51
41 20
41 29
41 52
42 30
42 4
42 73
42 119
42 79
42 35
42 7
42 64
42 8
42 11
42 9
42 77
42 14
42 57
42 15
42 17
42 20
42 23
42 10
42 31
42 32
42 72
42 39
42 71
42 68
42 62
42 61
42 59
42 51
42 0
43 72
43 50
43 24
43 9
43 29
43 33
43 52
43 34
43 17
43 20
43 15
43 30
43 56
43 41
43 49
43 11
43 10
43 160
43 8
43 58
43 7
43 6
43 28
43 4
43 39
43 55
43 70
43 53
43 51
43 48
44 51
44 63
44 17
44 45
44 57
44 5
44 15
44 36
44 35
44 66
44 30
44 68
44 71
44 72
44 3
44 79
44 119
44 120
44 19
44 18
44 0
44 26
44 38
44 14
44 13
44 61
44 64
44 75
44 121
44 1
45 156
45 12
45 80
45 69
45 147
45 18
45 59
45 127
45 122
45 47
45 2
45 117
45 36
45 1
45 0
45 149
45 148
45 144
45 112
45 76
45 66
45 65
45 63
45 40
45 38
45 37
45 26
45 19
45 13
45 152
46 13
46 81
46 240
46 278
46 66
46 80
46 290
46 264
46 147
46 291
46 272
46 37
46 295
46 144
46 145
46 40
46 112
46 76
46 135
46 65
46 134
46 98
46 129
46 67
46 117
46 108
46 104
46 226
46 277
46 122
47 63
47 103
47 117
47 89
47 59
47 125
47 0
47 1
47 149
47 148
47 144
47 113
47 104
47 86
47 81
47 76
47 75
47 69
47 66
47 62
47 45
47 40
47 38
47 37
47 36
47 26
47 19
47 13
47 12
47 152
48 17
48 15
48 160
48 24
48 95
48 28
48 30
48 20
48 93
48 33
48 35
48 39
48 41
48 43
48 50
48 11
48 51
48 52
48 9
48 8
48 7
48 6
48 53
48 55
48 4
48 56
48 70
48 57
48 58
48 29
49 114
49 57
49 41
49 73
49 142
49 30
49 52
49 160
49 15
49 31
49 70
49 48
49 72
49 20
49 11
49 10
49 9
49 124
49 8
49 7
49 6
49 50
49 4
49 110
49 51
49 39
49 58
49 53
49 28
49 43
50 43
50 23
50 24
50 52
50 8
50 57
50 48
50 4
50 128
50 110
50 39
50 15
50 72
50 33
50 31
50 10
50 9
50 142
50 34
50 70
50 7
50 6
50 51
50 20
50 22
50 53
50 49
50 58
50 28
50 29
51 10
51 33
51 20
51 23
51 95
51 24
51 41
51 6
51 31
51 35
51 29
51 52
51 8
51 55
51 73
51 9
51 15
51 11
51 56
51 53
51 7
51 50
51 4
51 48
51 57
51 58
51 39
51 70
51 28
51 43
52 17
52 34
52 20
52 24
52 132
52 142
52 70
52 28
52 15
52 29
52 30
52 33
52 39
52 41
52 11
52 160
52 9
52 8
52 43
52 7
52 6
52 48
52 50
52 4
52 85
52 51
52 53
52 55
52 56
52 58
53 10
53 73
53 35
53 33
53 50
53 39
53 17
53 29
53 20
53 52
53 49
53 41
53 55
53 72
53 11
53 58
53 9
53 8
53 24
53 7
53 6
53 56
53 51
53 4
53 31
53 70
53 57
53 28
53 43
53 48
54 277
54 217
54 78
54 67
54 149
54 76
54 145
54 40
54 38
54 144
54 122
54 80
54 32
54 135
54 290
54 291
54 26
54 98
54 134
54 226
54 60
54 104
54 148
54 240
54 63
54 112
54 117
54 65
54 66
54 37
55 1
55 83
55 132
55 8
55 93
55 95
55 30
55 31
55 24
55 41
55 7
55 51
55 52
55 20
55 28
55 58
55 9
55 39
55 33
55 6
55 17
55 56
55 57
55 4
55 53
55 11
55 48
55 43
55 29
55 70
56 17
56 20
56 7
56 50
56 93
56 77
56 1
56 39
56 52
56 31
56 41
56 58
56 6
56 73
56 43
56 9
56 29
56 55
56 28
56 95
56 11
56 24
56 33
56 4
56 35
56 51
56 53
56 57
56 70
56 48
57 61
57 6
57 7
57 70
57 69
57 31
57 64
57 68
57 41
57 55
57 15
57 17
57 56
57 20
57 11
57 73
57 9
57 51
57 8
57 24
57 50
57 48
57 4
57 77
57 28
57 29
57 30
57 33
57 35
57 53
58 1
58 57
58 9
58 49
58 15
58 11
58 10
58 28
58 30
58 24
58 33
58 31
58 17
58 43
58 70
58 20
58 39
58 95
58 48
58 8
58 7
58 6
58 29
58 4
58 50
58 51
58 52
58 53
58 55
58 56
59 40
59 62
59 24
59 69
59 21
59 64
59 12
59 38
59 103
59 155
59 26
59 25
59 63
59 131
59 35
59 57
59 120
59 72
59 75
59 14
59 13
59 56
59 11
59 77
59 45
59 71
59 61
59 3
59 2
59 68
60 3
60 59
60 145
60 99
60 71
60 63
60 154
60 54
60 65
60 45
60 66
60 40
60 38
60 37
60 75
60 112
60 119
60 121
60 122
60 26
60 25
60 21
60 19
60 149
60 127
60 13
60 135
60 144
60 2
60 148
61 4
61 12
61 24
61 73
61 48
61 89
61 103
61 120
61 1
61 45
61 27
61 44
61 69
61 35
61 42
61 3
61 0
61 20
61 15
61 14
61 26
61 51
61 11
61 57
61 59
61 64
61 68
61 71
61 77
61 56
62 26
62 118
62 72
62 68
62 76
62 103
62 28
62 71
62 8
62 59
62 21
62 79
62 58
62 45
62 38
62 80
62 13
62 1
62 14
62 12
62 15
62 10
62 25
62 36
62 42
62 47
62 5
62 3
62 75
62 0
63 47
63 57
63 122
63 68
63 76
63 59
63 112
63 54
63 60
63 45
63 75
63 40
63 38
63 37
63 148
63 149
63 127
63 26
63 64
63 21
63 19
63 65
63 66
63 13
63 144
63 71
63 77
63 3
63 2
63 69
64 9
64 31
64 29
64 5
64 146
64 39
64 61
64 56
64 23
64 55
64 4
64 20
64 68
64 3
64 51
64 120
64 15
64 8
64 73
64 75
64 141
64 63
64 11
64 14
64 35
64 44
64 57
64 69
64 71
64 77
65 105
65 45
65 145
65 38
65 290
65 54
65 80
65 135
65 98
65 117
65 264
65 46
65 127
65 144
65 40
65 277
65 66
65 37
65 67
65 295
65 134
65 104
65 147
65 148
65 129
65 272
65 76
65 108
65 112
65 122
66 123
66 36
66 127
66 18
66 54
66 60
66 104
66 152
66 81
66 27
66 122
66 12
66 47
66 147
66 19
66 63
66 65
66 45
66 40
66 38
66 37
66 76
66 80
66 26
66 112
66 117
66 13
66 134
66 144
66 148
67 217
67 66
67 54
67 176
67 278
67 264
67 147
67 76
67 135
67 46
67 277
67 40
67 134
67 37
67 129
67 290
67 291
67 144
67 145
67 272
67 295
67 65
67 226
67 240
67 122
67 117
67 112
67 108
67 98
67 104
68 5
68 30
68 19
68 77
68 1
68 13
68 146
68 42
68 44
68 131
68 45
68 51
68 64
68 12
68 103
68 26
68 120
68 35
68 14
68 38
68 75
68 11
68 71
68 56
68 57
68 59
68 61
68 3
68 2
68 69
69 35
69 22
69 3
69 74
69 27
69 28
69 29
69 47
69 55
69 45
69 21
69 79
69 8
69 59
69 61
69 0
69 15
69 36
69 51
69 75
69 13
69 14
69 26
69 77
69 68
69 1
69 71
69 57
69 63
69 64
70 160
70 24
70 43
70 95
70 173
70 20
70 93
70 17
70 28
70 29
70 31
70 33
70 58
70 56
70 39
70 55
70 9
70 293
70 8
70 7
70 6
70 53
70 4
70 52
70 142
70 51
70 41
70 132
70 50
70 48
71 44
71 42
71 139
71 82
71 19
71 60
71 11
71 40
71 155
71 24
71 62
71 57
71 143
71 77
71 12
71 5
71 0
71 69
71 68
71 64
71 63
71 45
71 61
71 26
71 59
71 36
71 89
71 3
71 2
71 21
72 79
72 73
72 24
72 4
72 17
72 57
72 9
72 58
72 52
72 31
72 49
72 51
72 25
72 43
72 128
72 8
72 29
72 10
72 15
72 20
72 22
72 7
72 6
72 28
72 30
72 34
72 39
72 50
72 53
72 70
73 15
73 3
73 55
73 70
73 8
73 41
73 14
73 23
73 50
73 7
73 114
73 72
73 77
73 64
73 20
73 24
73 28
73 143
73 30
73 11
73 35
73 9
73 39
73 48
73 51
73 53
73 4
73 56
73 57
73 31
74 44
74 57
74 47
74 51
74 143
74 60
74 29
74 30
74 91
74 27
74 26
74 24
74 82
74 21
74 103
74 19
74 18
74 17
74 79
74 38
74 14
74 11
74 69
74 8
74 48
74 63
74 4
74 3
74 1
74 55
75 30
75 14
75 0
75 36
75 37
75 38
75 44
75 47
75 59
75 27
75 26
75 25
75 62
75 63
75 64
75 19
75 18
75 68
75 69
75 15
75 72
75 13
75 12
75 11
75 119
75 149
75 5
75 3
75 1
75 45
76 108
76 105
76 54
76 140
76 112
76 113
76 149
76 12
76 38
76 80
76 147
76 47
76 19
76 67
76 13
76 152
76 65
76 66
76 46
76 78
76 45
76 40
76 81
76 37
76 117
76 122
76 129
76 144
76 148
76 104
77 15
77 17
77 19
77 16
77 9
77 30
77 53
77 8
77 13
77 68
77 51
77 71
77 73
77 24
77 26
77 28
77 29
77 14
77 35
77 48
77 11
77 56
77 57
77 59
77 61
77 63
77 4
77 3
77 69
77 64
78 117
78 13
78 147
78 191
78 104
78 123
78 45
78 295
78 71
78 154
78 139
78 90
78 40
78 138
78 135
78 126
78 140
78 36
78 144
78 60
78 122
78 25
78 113
78 75
78 21
78 19
78 76
78 80
78 5
78 54
79 64
79 62
79 23
79 9
79 17
79 31
79 50
79 16
79 11
79 10
79 7
79 56
79 19
79 44
79 36
79 57
79 15
79 53
79 51
79 69
79 39
79 27
79 28
79 8
79 29
79 72
79 30
79 4
79 1
79 58
80 0
80 148
80 147
80 144
80 140
80 135
80 134
80 126
80 122
80 117
80 113
80 112
80 81
80 76
80 66
80 65
80 62
80 54
80 46
80 45
80 40
80 38
80 37
80 36
80 27
80 25
80 19
80 18
80 13
80 152
81 47
81 80
81 192
81 292
81 46
81 276
81 148
81 123
81 45
81 112
81 36
81 113
81 105
81 118
81 150
81 267
81 13
81 104
81 272
81 76
81 66
81 122
81 129
81 278
81 140
81 40
81 152
81 117
81 144
81 147
82 68
82 209
82 213
82 120
82 156
82 169
82 102
82 200
82 74
82 210
82 26
82 127
82 86
82 71
82 177
82 167
82 184
82 99
82 103
82 198
82 109
82 157
82 116
82 21
82 119
82 155
82 121
82 149
82 139
82 131
83 73
83 130
83 28
83 8
83 132
83 91
83 52
83 70
83 153
83 92
83 56
83 20
83 136
83 128
83 55
83 143
83 114
83 110
83 51
83 142
83 84
83 7
83 97
83 85
83 29
83 50
83 95
83 133
83 93
83 39
84 302
84 171
84 142
84 95
84 120
84 9
84 110
84 114
84 85
84 93
84 96
84 97
84 106
84 107
84 33
84 41
84 83
84 57
84 130
84 132
84 133
84 56
84 4
84 299
84 173
84 55
84 164
84 155
84 51
84 143
85 41
85 84
85 173
85 58
85 128
85 29
85 4
85 7
85 55
85 92
85 53
85 43
85 114
85 17
85 110
85 132
85 50
85 24
85 293
85 142
85 39
85 48
85 52
85 124
85 70
85 6
85 97
85 93
85 95
85 160
86 19
86 112
86 121
86 159
86 113
86 157
86 117
86 131
86 228
86 82
86 0
86 156
86 154
86 149
86 148
86 147
86 140
86 137
86 125
86 122
86 119
86 103
86 89
86 66
86 47
86 45
86 37
86 26
86 2
86 152
87 82
87 150
87 32
87 99
87 249
87 227
87 177
87 238
87 153
87 138
87 203
87 191
87 154
87 188
87 141
87 140
87 184
87 103
87 102
87 126
87 157
87 139
87 90
87 158
87 119
87 161
87 162
87 266
87 166
87 193
88 257
88 93
88 8
88 55
88 171
88 133
88 116
88 253
88 205
88 58
88 153
88 222
88 115
88 96
88 17
88 97
88 95
88 84
88 85
88 132
88 163
88 158
88 130
88 299
88 102
88 125
88 91
88 92
88 175
88 100
89 21
89 76
89 116
89 2
89 155
89 103
89 3
89 38
89 12
89 152
89 120
89 121
89 127
89 13
89 131
89 143
89 150
89 68
89 64
89 61
89 47
89 45
89 86
89 26
89 71
89 19
89 119
89 148
89 149
89 156
90 193
90 283
90 161
90 113
90 105
90 109
90 119
90 157
90 121
90 245
90 184
90 102
90 229
90 99
90 135
90 138
90 248
90 87
90 140
90 178
90 78
90 225
90 298
90 237
90 300
90 167
90 162
90 154
90 25
90 126
91 35
91 39
91 131
91 29
91 293
91 96
91 205
91 84
91 132
91 8
91 143
91 92
91 88
91 93
91 95
91 24
91 85
91 83
91 133
91 33
91 74
91 41
91 4
91 299
91 97
91 48
91 51
91 52
91 55
91 56
92 91
92 96
92 181
92 55
92 204
92 231
92 7
92 50
92 83
92 70
92 107
92 106
92 190
92 142
92 133
92 132
92 85
92 93
92 95
92 51
92 39
92 97
92 163
92 173
92 175
92 114
92 302
92 110
92 304
92 88
93 181
93 173
93 253
93 52
93 175
93 92
93 48
93 164
93 55
93 132
93 110
93 95
93 56
93 142
93 223
93 85
93 130
93 293
93 70
93 7
93 41
93 231
93 4
93 299
93 97
93 233
93 302
93 39
93 304
93 204
94 151
94 101
94 92
94 171
94 132
94 97
94 96
94 31
94 50
94 100
94 114
94 93
94 221
94 223
94 106
94 190
94 107
94 110
94 293
94 85
94 180
94 130
94 83
94 128
94 175
94 173
94 172
94 302
94 136
94 133
95 91
95 8
95 293
95 132
95 51
95 52
95 181
95 142
95 55
95 56
95 58
95 160
95 70
95 164
95 29
95 110
95 83
95 85
95 48
95 39
95 35
95 7
95 173
95 4
95 299
95 33
95 92
95 93
95 97
95 28
96 302
96 107
96 247
96 173
96 106
96 180
96 182
96 130
96 92
96 221
96 93
96 94
96 95
96 116
96 171
96 88
96 215
96 214
96 133
96 136
96 110
96 190
96 114
96 299
96 84
96 97
96 165
96 83
96 132
96 223
97 53
97 83
97 96
97 20
97 293
97 7
97 124
97 91
97 4
97 24
97 160
97 39
97 93
97 164
97 92
97 95
97 33
97 190
97 173
97 133
97 114
97 175
97 110
97 181
97 142
97 85
97 84
97 106
97 48
97 132
98 188
98 303
98 99
98 297
98 272
98 112
98 40
98 122
98 283
98 144
98 201
98 126
98 54
98 134
98 176
98 295
98 135
98 291
98 290
98 277
98 46
98 145
98 67
98 240
98 226
98 104
98 108
98 117
98 129
98 65
99 237
99 145
99 167
99 232
99 256
99 229
99 184
99 123
99 104
99 154
99 122
99 37
99 240
99 297
99 303
99 105
99 290
99 291
99 162
99 226
99 126
99 201
99 298
99 82
99 135
99 65
99 138
99 139
99 144
99 283
100 216
100 106
100 88
100 92
100 279
100 132
100 85
100 133
100 39
100 124
100 102
100 101
100 15
100 141
100 110
100 142
100 165
100 175
100 93
100 173
100 97
100 7
100 172
100 299
100 171
100 52
100 302
100 223
100 94
100 114
101 153
101 276
101 111
101 163
101 165
101 195
101 244
101 171
101 236
101 230
101 100
101 106
101 288
101 225
101 223
101 92
101 273
101 214
101 130
101 212
101 296
101 203
101 190
101 199
101 300
101 268
101 302
101 196
101 124
101 194
102 130
102 62
102 100
102 32
102 168
102 166
102 106
102 110
102 14
102 96
102 97
102 113
102 239
102 124
102 16
102 84
102 131
102 121
102 87
102 82
102 119
102 88
102 116
102 205
102 115
102 141
102 103
102 90
102 153
102 157
103 74
103 47
103 87
103 115
103 1
103 2
103 61
103 95
103 153
103 57
103 109
103 26
103 69
103 86
103 146
103 143
103 59
103 141
103 102
103 137
103 68
103 155
103 131
103 157
103 121
103 82
103 120
103 119
103 3
103 116
104 13
104 148
104 135
104 278
104 145
104 152
104 81
104 105
104 290
104 76
104 144
104 112
104 264
104 277
104 117
104 226
104 272
104 134
104 40
104 147
104 295
104 37
104 98
104 127
104 122
104 46
104 65
104 129
104 108
104 67
105 122
105 117
105 277
105 113
105 121
105 229
105 104
105 99
105 272
105 123
105 126
105 127
105 81
105 129
105 134
105 135
105 264
105 76
105 138
105 295
105 65
105 140
105 144
105 38
105 147
105 256
105 154
105 217
105 226
105 152
106 50
106 158
106 164
106 85
106 128
106 204
106 172
106 10
106 180
106 93
106 84
106 7
106 107
106 133
106 215
106 173
106 221
106 72
106 302
106 92
106 151
106 136
106 190
106 231
106 130
106 110
106 124
106 114
106 142
106 97
107 93
107 155
107 92
107 106
107 233
107 83
107 164
107 110
107 143
107 200
107 35
107 236
107 288
107 171
107 84
107 116
107 97
107 133
107 96
107 131
107 258
107 130
107 95
107 94
107 180
107 181
107 302
107 182
107 51
107 190
108 217
108 188
108 147
108 283
108 127
108 76
108 176
108 272
108 240
108 40
108 122
108 37
108 134
108 135
108 65
108 290
108 291
108 144
108 145
108 226
108 295
108 112
108 264
108 98
108 129
108 277
108 117
108 67
108 104
108 46
109 191
109 135
109 232
109 126
109 198
109 125
109 89
109 168
109 162
109 203
109 285
109 141
109 207
109 258
109 113
109 103
109 119
109 121
109 131
109 90
109 138
109 297
109 82
109 139
109 149
109 154
109 201
109 167
109 184
109 153
110 8
110 173
110 52
110 124
110 4
110 39
110 33
110 85
110 49
110 43
110 293
110 6
110 133
110 20
110 92
110 53
110 128
110 302
110 51
110 97
110 7
110 106
110 132
110 50
110 142
110 29
110 95
110 70
110 93
110 83
111 42
111 158
111 15
111 85
111 102
111 87
111 187
111 142
111 143
111 10
111 97
111 96
111 88
111 202
111 196
111 194
111 292
111 140
111 151
111 92
111 106
111 165
111 160
111 231
111 118
111 120
111 124
111 128
111 130
111 101
112 152
112 63
112 135
112 295
112 272
112 76
112 98
112 80
112 54
112 45
112 40
112 67
112 104
112 37
112 46
112 66
112 291
112 117
112 122
112 65
112 226
112 127
112 129
112 134
112 277
112 144
112 145
112 147
112 148
112 108
113 78
113 192
113 102
113 0
113 276
113 267
113 219
113 159
113 156
113 150
113 149
113 147
113 144
113 140
113 135
113 126
113 125
113 123
113 122
113 121
113 118
113 117
113 105
113 86
113 81
113 80
113 76
113 47
113 37
113 152
114 10
114 53
114 118
114 28
114 31
114 56
114 151
114 142
114 70
114 22
114 20
114 136
114 73
114 106
114 97
114 83
114 133
114 132
114 39
114 93
114 85
114 7
114 43
114 128
114 48
114 160
114 50
114 51
114 52
114 92
115 49
115 210
115 11
115 87
115 3
115 158
115 231
115 97
115 20
115 118
115 157
115 107
115 103
115 106
115 57
115 102
115 141
115 143
115 88
115 116
115 83
115 62
115 138
115 120
115 124
115 133
115 185
115 146
115 136
115 155
116 151
116 157
116 24
116 97
116 83
116 121
116 156
116 16
116 131
116 3
116 82
116 95
116 125
116 96
116 146
116 114
116 69
116 15
116 124
116 102
116 35
116 160
116 115
116 107
116 155
116 153
116 143
116 120
116 103
116 136
117 145
117 127
117 264
117 105
117 277
117 76
117 67
117 66
117 80
117 65
117 81
117 272
117 98
117 104
117 46
117 290
117 291
117 108
117 112
117 40
117 295
117 122
117 37
117 129
117 134
117 135
117 144
117 147
117 240
117 226
118 208
118 115
118 174
118 130
118 10
118 12
118 147
118 158
118 62
118 187
118 231
118 286
118 140
118 267
118 150
118 151
118 292
118 159
118 114
118 113
118 111
118 185
118 278
118 276
118 81
118 76
118 197
118 206
118 219
118 152
119 99
119 135
119 26
119 109
119 155
119 123
119 149
119 105
119 42
119 102
119 125
119 5
119 90
119 44
119 159
119 138
119 152
119 82
119 75
119 86
119 87
119 60
119 89
119 103
119 121
119 131
119 139
119 19
119 148
119 154
120 9
120 125
120 12
120 152
120 89
120 84
120 103
120 116
120 156
120 131
120 68
120 64
120 61
120 59
120 57
120 56
120 51
120 44
120 35
120 32
120 26
120 141
120 143
120 146
120 11
120 155
120 8
120 3
120 2
120 73
121 125
121 229
121 146
121 135
121 167
121 152
121 109
121 105
121 103
121 102
121 99
121 90
121 89
121 113
121 86
121 82
121 116
121 119
121 126
121 138
121 139
121 148
121 60
121 54
121 154
121 44
121 38
121 156
121 19
121 157
122 127
122 148
122 81
122 54
122 66
122 13
122 135
122 45
122 278
122 152
122 40
122 129
122 264
122 37
122 226
122 134
122 117
122 46
122 144
122 295
122 217
122 277
122 147
122 112
122 108
122 104
122 272
122 76
122 65
122 67
123 19
123 119
123 13
123 192
123 191
123 80
123 272
123 99
123 159
123 147
123 81
123 278
123 148
123 219
123 76
123 66
123 65
123 126
123 37
123 129
123 149
123 140
123 229
123 105
123 113
123 117
123 134
123 144
123 150
123 152
124 17
124 101
124 132
124 58
124 293
124 72
124 15
124 100
124 102
124 29
124 223
124 158
124 33
124 10
124 50
124 142
124 106
124 110
124 85
124 7
124 6
124 128
124 49
124 97
124 231
124 151
124 52
124 111
124 116
124 160
125 156
125 185
125 18
125 147
125 109
125 114
125 137
125 151
125 83
125 5
125 103
125 153
125 143
125 141
125 136
125 123
125 2
125 121
125 146
125 0
125 159
125 157
125 120
125 119
125 116
125 113
125 88
125 86
125 47
125 152
126 152
126 78
126 122
126 54
126 98
126 144
126 80
126 154
126 283
126 81
126 65
126 121
126 201
126 90
126 256
126 104
126 99
126 105
126 113
126 117
126 123
126 135
126 297
126 138
126 140
126 161
126 192
126 38
126 303
126 229
127 152
127 81
127 277
127 278
127 82
127 89
127 99
127 104
127 66
127 65
127 63
127 105
127 60
127 108
127 54
127 112
127 117
127 122
127 45
127 40
127 37
127 26
127 131
127 134
127 144
127 147
127 148
127 149
127 154
127 272
128 29
128 49
128 133
128 9
128 34
128 28
128 43
128 48
128 52
128 10
128 22
128 53
128 173
128 7
128 132
128 106
128 293
128 85
128 160
128 50
128 151
128 142
128 70
128 72
128 83
128 6
128 231
128 124
128 110
128 114
129 206
129 81
129 277
129 278
129 76
129 67
129 272
129 98
129 104
129 65
129 105
129 264
129 108
129 217
129 46
129 290
129 291
129 117
129 40
129 122
129 295
129 37
129 134
129 135
129 144
129 145
129 147
129 240
129 226
129 112
130 97
130 110
130 85
130 236
130 141
130 114
130 92
130 234
130 107
130 284
130 31
130 199
130 231
130 195
130 215
130 20
130 96
130 88
130 83
130 101
130 106
130 93
130 205
130 190
130 133
130 142
130 302
130 151
130 180
130 84
131 154
131 11
131 91
131 13
131 86
131 139
131 59
131 149
131 146
131 45
131 143
131 82
131 141
131 89
131 102
131 103
131 155
131 26
131 107
131 156
131 109
131 116
131 119
131 14
131 120
131 127
131 216
131 3
131 2
131 68
132 83
132 84
132 17
132 128
132 204
132 190
132 56
132 53
132 95
132 39
132 231
132 96
132 20
132 160
132 41
132 85
132 88
132 293
132 48
132 92
132 114
132 70
132 142
132 93
132 110
132 55
132 52
132 4
132 97
132 133
133 31
133 4
133 128
133 20
133 180
133 136
133 302
133 173
133 7
133 39
133 95
133 41
133 106
133 182
133 70
133 107
133 93
133 92
133 142
133 83
133 96
133 51
133 130
133 94
133 110
133 132
133 114
133 84
133 53
133 97
134 148
134 147
134 149
134 105
134 66
134 123
134 135
134 240
134 127
134 264
134 129
134 40
134 38
134 295
134 37
134 67
134 291
134 117
134 46
134 226
134 122
134 112
134 54
134 277
134 108
134 98
134 65
134 145
134 104
134 144
135 154
135 188
135 80
135 134
135 112
135 138
135 290
135 217
135 272
135 104
135 37
135 67
135 122
135 129
135 105
135 240
135 291
135 126
135 46
135 113
135 283
135 144
135 145
135 147
135 108
135 65
135 99
135 277
135 98
135 117
136 190
136 17
136 8
136 64
136 55
136 128
136 73
136 215
136 11
136 85
136 52
136 72
136 116
136 56
136 114
136 9
136 16
136 7
136 110
136 83
136 106
136 30
136 57
136 96
136 141
136 142
136 94
136 20
136 31
136 133
137 33
137 149
137 141
137 74
137 121
137 18
137 19
137 26
137 44
137 66
137 79
137 80
137 88
137 97
137 151
137 114
137 143
137 116
137 140
137 136
137 125
137 75
137 152
137 157
137 1
137 146
137 103
137 86
137 27
137 0
138 289
138 37
138 192
138 144
138 226
138 119
138 298
138 256
138 139
138 248
138 268
138 154
138 184
138 145
138 87
138 290
138 283
138 201
138 78
138 90
138 99
138 105
138 297
138 109
138 115
138 121
138 162
138 161
138 135
138 126
139 156
139 209
139 268
139 303
139 126
139 78
139 237
139 224
139 82
139 87
139 99
139 71
139 275
139 103
139 105
139 109
139 121
139 131
139 138
139 144
139 153
139 154
139 157
139 168
139 170
139 177
139 193
139 198
139 5
139 119
140 47
140 78
140 135
140 278
140 267
140 123
140 104
140 126
140 113
140 118
140 159
140 286
140 148
140 87
140 86
140 13
140 80
140 154
140 117
140 144
140 66
140 65
140 36
140 105
140 76
140 81
140 147
140 150
140 122
140 152
141 95
141 171
141 32
141 83
141 180
141 155
141 73
141 88
141 72
141 120
141 133
141 130
141 158
141 57
141 116
141 11
141 30
141 157
141 136
141 16
141 115
141 103
141 102
141 100
141 143
141 87
141 85
141 64
141 131
141 146
142 29
142 190
142 4
142 160
142 304
142 114
142 136
142 53
142 95
142 85
142 128
142 173
142 92
142 50
142 124
142 52
142 39
142 204
142 132
142 106
142 6
142 231
142 97
142 223
142 110
142 7
142 293
142 302
142 93
142 70
143 149
143 182
143 91
143 95
143 84
143 83
143 146
143 73
143 71
143 133
143 97
143 103
143 57
143 56
143 51
143 107
143 35
143 30
143 26
143 114
143 141
143 18
143 116
143 12
143 11
143 153
143 155
143 120
143 3
143 131
144 278
144 66
144 45
144 54
144 123
144 127
144 67
144 277
144 148
144 226
144 108
144 105
144 264
144 272
144 135
144 81
144 291
144 295
144 46
144 37
144 129
144 134
144 40
144 147
144 122
144 117
144 112
144 65
144 76
144 104
145 297
145 60
145 122
145 162
145 104
145 255
145 129
145 144
145 138
145 237
145 295
145 54
145 99
145 117
145 65
145 290
145 291
145 283
145 277
145 46
145 67
145 112
145 201
145 226
145 108
145 176
145 240
145 98
145 134
145 135
146 12
146 9
146 8
146 121
146 47
146 56
146 19
146 86
146 35
146 149
146 59
146 57
146 1
146 115
146 152
146 143
146 26
146 64
146 68
146 141
146 137
146 131
146 155
146 157
146 11
146 120
146 116
146 3
146 2
146 103
147 67
147 113
147 127
147 36
147 134
147 278
147 105
147 264
147 148
147 45
147 80
147 13
147 66
147 295
147 76
147 37
147 112
147 272
147 46
147 135
147 144
147 40
147 140
147 65
147 81
147 104
147 117
147 129
147 122
147 152
148 80
148 54
148 123
148 119
148 127
148 159
148 134
148 63
148 47
148 38
148 81
148 89
148 76
148 66
148 65
148 104
148 112
148 117
148 122
148 144
148 147
148 45
148 40
148 37
148 26
148 19
148 18
148 13
148 149
148 152
149 131
149 159
149 75
149 112
149 65
149 54
149 47
149 63
149 113
149 117
149 89
149 86
149 82
149 122
149 76
149 123
149 127
149 134
149 144
149 148
149 154
149 45
149 40
149 38
149 37
149 26
149 19
149 18
149 156
149 152
150 157
150 13
150 121
150 87
150 228
150 177
150 18
150 119
150 185
150 76
150 147
150 219
150 179
150 208
150 89
150 276
150 113
150 286
150 118
150 81
150 123
150 66
150 140
150 148
150 271
150 151
150 267
150 189
150 197
150 152
151 152
151 190
151 51
151 92
151 10
151 72
151 7
151 73
151 83
151 116
151 133
151 97
151 106
151 85
151 110
151 111
151 114
151 118
151 50
151 49
151 124
151 128
151 130
151 22
151 15
151 142
151 150
151 6
151 160
151 231
152 38
152 105
152 159
152 112
152 113
152 47
152 80
152 286
152 81
152 76
152 144
152 117
152 66
152 65
152 147
152 148
152 86
152 45
152 149
152 40
152 140
152 37
152 150
152 135
152 123
152 104
152 19
152 18
152 13
152 122
153 113
153 119
153 107
153 120
153 190
153 125
153 130
153 157
153 101
153 86
153 296
153 73
153 287
153 136
153 158
153 71
153 83
153 87
153 88
153 102
153 103
153 109
153 116
153 139
153 215
153 159
153 143
153 154
153 155
153 0
154 177
154 290
154 256
154 291
154 76
154 65
154 281
154 140
154 126
154 25
154 139
154 121
154 86
154 90
154 99
154 105
154 109
154 119
154 127
154 135
154 60
154 138
154 144
154 149
154 37
154 156
154 19
154 162
154 201
154 229
155 159
155 89
155 19
155 56
155 32
155 119
155 115
155 153
155 68
155 61
155 107
155 168
155 157
155 82
155 8
155 11
155 71
155 2
155 141
155 84
155 146
155 143
155 131
155 59
155 116
155 26
155 103
155 3
155 35
155 120
156 119
156 159
156 60
156 27
156 40
156 262
156 86
156 82
156 143
156 149
156 76
156 89
156 148
156 113
156 116
156 120
156 154
156 121
156 45
156 122
156 147
156 37
156 131
156 26
156 19
156 157
156 144
156 3
156 2
156 152
157 136
157 32
157 69
157 115
157 120
157 97
157 127
157 131
157 83
157 137
157 86
157 87
157 149
157 153
157 154
157 155
157 116
157 102
157 27
157 119
157 152
157 82
157 121
157 125
157 139
157 141
157 146
157 156
157 159
157 103
158 193
158 92
158 118
158 142
158 254
158 260
158 231
158 124
158 214
158 187
158 172
158 205
158 183
158 203
158 116
158 253
158 215
158 106
158 221
158 88
158 87
158 222
158 223
158 166
158 178
158 225
158 230
158 266
158 250
158 279
159 143
159 232
159 224
159 61
159 19
159 146
159 130
159 126
159 45
159 0
159 246
159 157
159 156
159 155
159 154
159 153
159 149
159 148
159 147
159 140
159 125
159 123
159 119
159 118
159 114
159 113
159 86
159 81
159 47
159 152
160 34
160 72
160 10
160 24
160 41
160 8
160 93
160 97
160 56
160 55
160 50
160 4
160 95
160 58
160 7
160 142
160 151
160 22
160 28
160 128
160 33
160 124
160 114
160 48
160 6
160 52
160 53
160 70
160 85
160 43
161 177
161 266
161 278
161 268
161 232
161 256
161 249
161 206
161 209
161 198
161 211
161 189
161 188
161 186
161 217
161 218
161 178
161 219
161 176
161 220
161 295
161 227
161 297
161 298
161 162
161 229
161 230
161 264
161 260
161 208
162 249
162 219
162 198
162 295
162 285
162 184
162 237
162 291
162 178
162 201
162 209
162 297
162 189
162 268
162 289
162 256
162 290
162 188
162 206
162 176
162 211
162 217
162 226
162 298
162 227
162 229
162 161
162 230
162 240
162 283
163 174
163 293
163 194
163 171
163 169
163 265
163 234
163 269
163 212
163 183
163 185
163 187
163 190
163 182
163 181
163 247
163 200
163 164
163 233
163 204
163 205
163 180
163 222
163 299
163 92
163 175
163 302
163 173
163 304
163 253
164 269
164 95
164 182
164 181
164 190
164 180
164 175
164 93
164 173
164 233
164 171
164 97
164 200
164 204
164 163
164 258
164 257
164 293
164 205
164 142
164 253
164 247
164 215
164 299
164 223
164 231
164 302
164 236
164 304
164 234
165 180
165 142
165 178
165 207
165 230
165 293
165 289
165 241
165 96
165 284
165 249
165 279
165 265
165 166
165 250
165 195
165 172
165 236
165 175
165 225
165 223
165 222
165 221
165 181
165 183
165 204
165 302
165 199
165 196
165 194
166 215
166 195
166 289
166 172
166 220
166 296
166 191
166 241
166 227
166 250
166 196
166 194
166 199
166 280
166 279
166 249
166 221
166 223
166 225
166 178
166 266
166 230
166 236
166 260
166 244
166 300
166 165
166 245
166 248
166 305
167 201
167 248
167 297
167 280
167 189
167 218
167 237
167 266
167 188
167 275
167 225
167 259
167 207
167 285
167 289
167 209
167 249
167 198
167 281
167 193
167 217
167 222
167 227
167 184
167 177
167 229
167 168
167 162
167 230
167 211
168 201
168 234
168 193
168 218
168 301
168 183
168 266
168 258
168 177
168 180
168 274
168 184
168 287
168 288
168 211
168 285
168 216
168 209
168 207
168 294
168 162
168 167
168 225
168 230
168 170
168 252
168 178
168 200
168 198
168 237
169 95
169 71
169 258
169 82
169 273
169 173
169 181
169 259
169 179
169 164
169 165
169 168
169 233
169 195
169 299
169 182
169 252
169 288
169 287
169 294
169 257
169 253
169 163
169 247
169 170
169 180
169 216
169 214
169 210
169 200
170 237
170 246
170 139
170 288
170 263
170 259
170 281
170 178
170 59
170 243
170 200
170 285
170 287
170 275
170 274
170 290
170 258
170 248
170 239
170 294
170 168
170 169
170 180
170 216
170 214
170 210
170 207
170 303
170 198
170 252
171 257
171 183
171 205
171 207
171 299
171 225
171 202
171 302
171 212
171 247
171 284
171 261
171 258
171 288
171 252
171 163
171 96
171 241
171 164
171 236
171 233
171 172
171 223
171 221
171 173
171 214
171 200
171 180
171 182
171 195
172 106
172 284
172 204
172 207
172 178
172 236
172 279
172 199
172 225
172 273
172 205
172 260
172 247
172 299
172 221
172 171
172 269
172 231
172 241
172 230
172 183
172 223
172 165
172 215
172 288
172 250
172 175
172 302
172 166
172 190
173 84
173 182
173 41
173 52
173 29
173 48
173 4
173 171
173 233
173 204
173 56
173 142
173 97
173 51
173 205
173 223
173 190
173 7
173 253
173 293
173 93
173 95
173 181
173 175
173 299
173 70
173 164
173 302
173 163
173 304
174 205
174 208
174 186
174 231
174 300
174 296
174 215
174 203
174 302
174 185
174 267
174 187
174 250
174 178
174 279
174 221
174 222
174 246
174 166
174 254
174 276
174 163
174 161
174 223
174 273
174 260
174 271
174 230
174 269
174 196
175 258
175 182
175 279
175 97
175 304
175 233
175 205
175 236
175 92
175 215
175 293
175 231
175 165
175 172
175 204
175 265
175 180
175 253
175 250
175 247
175 241
175 173
175 93
175 299
175 163
175 164
175 302
175 190
175 223
175 181
176 108
176 198
176 166
176 289
176 189
176 229
176 256
176 277
176 298
176 297
176 237
176 255
176 98
176 268
176 211
176 201
176 291
176 206
176 290
176 217
176 295
176 145
176 161
176 283
176 162
176 240
176 188
176 226
176 227
176 230
177 246
177 209
177 210
177 203
177 211
177 267
177 217
177 198
177 193
177 191
177 189
177 219
177 186
177 288
177 289
177 220
177 262
177 222
177 179
177 139
177 224
177 168
177 167
177 227
177 163
177 230
177 161
177 252
177 249
177 207
178 208
178 174
178 239
178 185
178 266
178 194
178 184
178 229
178 256
178 296
178 298
178 305
178 188
178 217
178 289
178 230
178 280
178 186
178 162
178 161
178 166
178 206
178 248
178 249
178 300
178 254
178 267
178 225
178 192
178 260
179 259
179 229
179 230
179 186
179 271
179 213
179 275
179 192
179 218
179 206
179 267
179 185
179 209
179 208
179 287
179 177
179 210
179 246
179 262
179 243
179 252
179 198
179 217
179 197
179 219
179 278
179 224
179 276
179 189
179 188
180 234
180 204
180 236
180 251
180 257
180 168
180 183
180 205
180 258
180 207
180 195
180 190
180 210
180 214
180 215
180 182
180 175
180 107
180 171
180 233
180 169
180 270
180 252
180 164
180 163
180 301
180 253
180 130
180 133
180 200
181 212
181 258
181 92
181 247
181 284
181 288
181 293
181 257
181 233
181 205
181 173
181 93
181 163
181 279
181 164
181 165
181 241
181 95
181 236
181 142
181 253
181 190
181 223
181 299
181 204
181 215
181 302
181 97
181 304
181 175
182 236
182 107
182 222
182 133
182 234
182 215
182 214
182 233
182 175
182 284
182 171
182 269
182 287
182 200
182 257
182 173
182 301
182 253
182 205
182 288
182 210
182 252
182 164
182 190
182 299
182 163
182 180
182 247
182 251
182 216
183 168
183 288
183 199
183 225
183 279
183 195
183 302
183 260
183 163
183 203
183 285
183 250
183 249
183 248
183 289
183 218
183 244
183 222
183 223
183 236
183 166
183 194
183 165
183 172
183 178
183 185
183 261
183 221
183 204
183 212
184 207
184 230
184 275
184 220
184 188
184 297
184 206
184 227
184 283
184 281
184 285
184 229
184 249
184 162
184 289
184 167
184 232
184 268
184 201
184 203
184 193
184 266
184 191
184 298
184 237
184 178
184 239
184 211
184 248
184 186
185 258
185 288
185 174
185 179
185 209
185 210
185 276
185 171
185 215
185 166
185 204
185 230
185 186
185 220
185 285
185 270
185 243
185 292
185 235
185 219
185 217
185 208
185 206
185 192
185 189
185 187
185 183
185 178
185 163
185 305
186 218
186 271
186 254
186 305
186 278
186 178
186 276
186 268
186 267
186 188
186 256
186 189
186 191
186 192
186 289
186 194
186 245
186 197
186 239
186 238
186 295
186 230
186 229
186 206
186 227
186 300
186 161
186 219
186 217
186 208
187 197
187 215
187 203
187 180
187 183
187 250
187 175
187 269
187 222
187 284
187 260
187 227
187 253
187 166
187 221
187 219
187 163
187 204
187 174
187 279
187 185
187 296
187 231
187 230
187 209
187 223
187 302
187 206
187 261
187 196
188 191
188 192
188 264
188 290
188 289
188 278
188 245
188 178
188 238
188 275
188 272
188 305
188 162
188 161
188 217
188 176
188 266
188 198
188 219
188 227
188 295
188 229
188 230
188 256
188 211
188 186
188 209
188 189
188 206
188 218
189 177
189 276
189 186
189 278
189 198
189 280
189 262
189 206
189 208
189 179
189 209
189 286
189 197
189 176
189 210
189 211
189 167
189 292
189 188
189 162
189 217
189 218
189 161
189 219
189 220
189 224
189 227
189 229
189 230
189 267
190 279
190 293
190 250
190 172
190 241
190 106
190 269
190 253
190 236
190 233
190 223
190 221
190 215
190 288
190 204
190 195
190 182
190 181
190 180
190 175
190 173
190 164
190 163
190 299
190 142
190 92
190 302
190 97
190 304
190 205
191 207
191 87
191 296
191 225
191 227
191 177
191 244
191 254
191 213
191 178
191 285
191 305
191 188
191 289
191 186
191 286
191 184
191 192
191 280
191 198
191 276
191 275
191 166
191 203
191 268
191 208
191 229
191 249
191 246
191 239
192 162
192 126
192 271
192 230
192 305
192 280
192 264
192 224
192 292
192 232
192 278
192 286
192 178
192 276
192 289
192 185
192 267
192 266
192 186
192 188
192 189
192 191
192 256
192 208
192 249
192 217
192 219
192 235
192 229
192 268
193 261
193 230
193 270
193 215
193 225
193 287
193 263
193 258
193 259
193 166
193 285
193 281
193 280
193 167
193 289
193 203
193 191
193 232
193 275
193 198
193 237
193 177
193 178
193 207
193 243
193 244
193 194
193 184
193 248
193 168
194 248
194 191
194 214
194 196
194 279
194 296
194 254
194 163
194 195
194 203
194 285
194 260
194 265
194 289
194 199
194 244
194 193
194 186
194 167
194 207
194 205
194 165
194 204
194 183
194 230
194 178
194 223
194 221
194 225
194 166
195 244
195 273
195 194
195 279
195 196
195 270
195 165
195 260
195 284
195 166
195 212
195 180
195 288
195 167
195 199
195 250
195 203
195 204
195 190
195 236
195 296
195 231
195 230
195 171
195 183
195 225
195 223
195 221
195 215
195 258
196 215
196 269
196 194
196 296
196 280
196 245
196 204
196 203
196 202
196 199
196 195
196 221
196 222
196 289
196 223
196 187
196 186
196 225
196 178
196 175
196 266
196 174
196 230
196 166
196 300
196 165
196 231
196 260
196 249
196 250
197 222
197 187
197 210
197 150
197 152
197 278
197 276
197 267
197 262
197 246
197 235
197 286
197 230
197 229
197 227
197 220
197 219
197 218
197 217
197 213
197 208
197 206
197 198
197 192
197 189
197 188
197 186
197 179
197 161
197 305
198 274
198 176
198 239
198 243
198 206
198 246
198 207
198 188
198 209
198 275
198 285
198 170
198 179
198 266
198 193
198 168
198 167
198 210
198 211
198 191
198 162
198 217
198 230
198 229
198 161
198 218
198 227
198 189
198 186
198 177
199 175
199 238
199 284
199 300
199 204
199 186
199 231
199 230
199 229
199 183
199 166
199 165
199 260
199 172
199 289
199 250
199 276
199 225
199 273
199 178
199 223
199 194
199 222
199 221
199 101
199 196
199 302
199 244
199 266
199 195
200 177
200 209
200 203
200 233
200 194
200 198
200 274
200 269
200 205
200 182
200 180
200 207
200 210
200 288
200 214
200 215
200 258
200 216
200 253
200 171
200 170
200 169
200 168
200 222
200 299
200 165
200 301
200 247
200 164
200 163
201 239
201 98
201 285
201 135
201 259
201 289
201 305
201 184
201 256
201 281
201 176
201 211
201 167
201 226
201 290
201 291
201 162
201 229
201 232
201 237
201 99
201 297
201 298
201 268
201 240
201 145
201 248
201 303
201 255
201 283
202 244
202 165
202 300
202 227
202 266
202 204
202 241
202 212
202 236
202 288
202 199
202 230
202 250
202 284
202 289
202 260
202 166
202 171
202 195
202 245
202 238
202 231
202 225
202 186
202 223
202 221
202 215
202 302
202 304
202 196
203 201
203 213
203 166
203 194
203 279
203 280
203 281
203 183
203 184
203 178
203 177
203 191
203 268
203 266
203 289
203 193
203 195
203 196
203 167
203 249
203 248
203 239
203 208
203 232
203 300
203 229
203 212
203 222
203 220
203 204
204 195
204 236
204 205
204 173
204 279
204 299
204 250
204 215
204 253
204 194
204 142
204 187
204 304
204 269
204 183
204 181
204 233
204 164
204 165
204 203
204 241
204 293
204 175
204 163
204 221
204 223
204 302
204 93
204 231
204 190
205 269
205 172
205 212
205 253
205 252
205 302
205 251
205 163
205 214
205 210
205 299
205 175
205 200
205 288
205 221
205 257
205 180
205 241
205 258
205 223
205 204
205 222
205 236
205 182
205 215
205 164
205 190
205 194
205 173
205 216
206 300
206 238
206 208
206 187
206 239
206 218
206 264
206 298
206 267
206 305
206 278
206 266
206 256
206 246
206 230
206 229
206 227
206 161
206 162
206 219
206 217
206 211
206 209
206 198
206 189
206 188
206 186
206 185
206 178
206 176
207 209
207 195
207 266
207 215
207 171
207 284
207 191
207 237
207 254
207 258
207 165
207 289
207 184
207 177
207 166
207 285
207 225
207 222
207 167
207 193
207 216
207 168
207 230
207 211
207 248
207 252
207 180
207 194
207 198
207 227
208 278
208 235
208 289
208 179
208 197
208 280
208 222
208 267
208 219
208 217
208 215
208 220
208 211
208 246
208 206
208 203
208 229
208 192
208 191
208 189
208 296
208 186
208 185
208 239
208 300
208 178
208 167
208 162
208 161
208 230
209 185
209 296
209 266
209 178
209 285
209 186
209 249
209 218
209 243
209 300
209 187
209 305
209 280
209 230
209 227
209 222
209 220
209 219
209 211
209 210
209 206
209 198
209 189
209 188
209 177
209 168
209 167
209 162
209 161
209 217
210 217
210 274
210 182
210 180
210 179
210 177
210 183
210 185
210 189
210 222
210 262
210 286
210 287
210 198
210 200
210 205
210 207
210 252
210 170
210 209
210 169
210 168
210 167
210 246
210 163
210 243
210 213
210 216
210 233
210 224
211 166
211 249
211 300
211 178
211 186
211 285
211 268
211 177
211 168
211 201
211 198
211 281
211 189
211 188
211 289
211 280
211 184
211 206
211 207
211 208
211 176
211 217
211 220
211 222
211 227
211 167
211 230
211 162
211 161
211 209
212 202
212 181
212 101
212 253
212 207
212 178
212 221
212 175
212 194
212 279
212 222
212 208
212 288
212 223
212 171
212 225
212 230
212 205
212 165
212 258
212 296
212 204
212 163
212 183
212 236
212 203
212 302
212 248
212 195
212 250
213 217
213 276
213 177
213 246
213 218
213 179
213 198
213 244
213 192
213 207
213 259
213 184
213 267
213 210
213 220
213 243
213 189
213 287
213 286
213 191
213 219
213 275
213 224
213 167
213 197
213 229
213 203
213 232
213 235
213 262
214 210
214 165
214 200
214 289
214 163
214 215
214 273
214 183
214 275
214 269
214 258
214 164
214 287
214 288
214 252
214 251
214 243
214 169
214 170
214 171
214 96
214 222
214 207
214 205
214 204
214 196
214 194
214 190
214 180
214 182
215 288
215 202
215 195
215 260
215 279
215 258
215 164
215 250
215 182
215 244
215 166
215 236
215 233
215 231
215 230
215 172
215 106
215 223
215 222
215 221
215 175
215 180
215 208
215 181
215 205
215 204
215 302
215 190
215 304
215 253
216 198
216 299
216 167
216 204
216 203
216 179
216 288
216 177
216 281
216 200
216 259
216 258
216 287
216 195
216 205
216 171
216 170
216 169
216 168
216 207
216 182
216 233
216 243
216 253
216 252
216 301
216 251
216 210
216 274
216 270
217 232
217 218
217 272
217 290
217 256
217 179
217 185
217 167
217 298
217 178
217 122
217 277
217 246
217 226
217 295
217 198
217 209
217 211
217 186
217 278
217 229
217 219
217 230
217 161
217 206
217 227
217 162
217 189
217 188
217 176
218 291
218 162
218 246
218 227
218 168
218 211
218 179
218 285
218 249
218 176
218 197
218 198
218 188
218 209
218 289
218 186
218 217
218 220
218 167
218 232
218 206
218 256
218 230
218 229
218 189
218 178
218 161
218 271
218 183
218 305
219 211
219 178
219 167
219 232
219 185
219 267
219 266
219 209
219 213
219 246
219 222
219 286
219 235
219 162
219 179
219 161
219 278
219 186
219 276
219 188
219 189
219 192
219 197
219 206
219 208
219 217
219 227
219 229
219 230
219 305
220 199
220 300
220 207
220 183
220 232
220 178
220 197
220 213
220 260
220 217
220 218
220 211
220 209
220 208
220 249
220 203
220 198
220 222
220 280
220 189
220 186
220 185
220 184
220 227
220 230
220 248
220 177
220 166
220 161
220 305
221 266
221 254
221 174
221 241
221 300
221 222
221 190
221 260
221 196
221 253
221 302
221 269
221 288
221 215
221 202
221 236
221 204
221 231
221 199
221 165
221 230
221 195
221 225
221 279
221 223
221 166
221 194
221 171
221 250
221 183
222 288
222 196
222 204
222 302
222 183
222 165
222 174
222 249
222 227
222 208
222 289
222 167
222 209
222 207
222 199
222 210
222 260
222 248
222 211
222 205
222 215
222 166
222 219
222 279
222 220
222 221
222 230
222 163
222 203
222 177
223 202
223 181
223 279
223 299
223 225
223 273
223 195
223 164
223 194
223 196
223 241
223 236
223 175
223 204
223 165
223 173
223 166
223 93
223 293
223 142
223 231
223 215
223 190
223 221
223 260
223 250
223 302
223 253
223 304
223 199
224 252
224 263
224 243
224 81
224 198
224 268
224 288
224 264
224 235
224 292
224 229
224 286
224 287
224 281
224 278
224 276
224 177
224 271
224 179
224 228
224 262
224 186
224 189
224 192
224 208
224 246
224 210
224 213
224 219
224 267
225 244
225 191
225 183
225 238
225 250
225 212
225 296
225 223
225 273
225 300
225 207
225 245
225 279
225 196
225 167
225 165
225 254
225 158
225 241
225 260
225 289
225 178
225 249
225 266
225 194
225 280
225 166
225 227
225 230
225 221
226 188
226 303
226 298
226 256
226 297
226 65
226 112
226 99
226 217
226 201
226 122
226 264
226 240
226 46
226 283
226 290
226 291
226 176
226 145
226 117
226 295
226 144
226 98
226 277
226 104
226 129
226 134
226 162
226 67
226 108
227 191
227 260
227 289
227 237
227 268
227 249
227 220
227 198
227 197
227 280
227 225
227 206
227 189
227 188
227 211
227 186
227 266
227 184
227 178
227 229
227 230
227 219
227 209
227 176
227 300
227 167
227 166
227 162
227 161
227 217
228 66
228 152
228 276
228 275
228 267
228 262
228 252
228 246
228 243
228 232
228 229
228 286
228 287
228 224
228 219
228 218
228 292
228 200
228 198
228 197
228 189
228 179
228 177
228 168
228 150
228 301
228 119
228 91
228 86
228 305
229 249
229 267
229 256
229 208
229 176
229 239
229 178
229 264
229 280
229 230
229 276
229 218
229 305
229 278
229 266
229 290
229 227
229 219
229 217
229 206
229 201
229 192
229 191
229 298
229 189
229 300
229 188
229 186
229 167
229 162
230 305
230 266
230 260
230 244
230 280
230 229
230 227
230 225
230 222
230 220
230 219
230 217
230 211
230 209
230 208
230 206
230 199
230 198
230 196
230 189
230 188
230 186
230 178
230 176
230 300
230 167
230 166
230 162
230 161
230 207
231 132
231 225
231 187
231 195
231 172
231 304
231 269
231 236
231 173
231 284
231 279
231 190
231 199
231 260
231 164
231 175
231 151
231 142
231 293
231 250
231 196
231 128
231 202
231 204
231 215
231 221
231 93
231 302
231 223
231 106
232 167
232 256
232 161
232 278
232 219
232 300
232 285
232 289
232 188
232 218
232 275
232 295
232 259
232 162
232 263
232 305
232 283
232 268
232 266
232 264
232 248
232 246
232 297
232 298
232 239
232 237
232 217
232 201
232 303
232 184
233 301
233 250
233 183
233 107
233 231
233 181
233 236
233 216
233 180
233 284
233 215
233 304
233 182
233 171
233 251
233 247
233 252
233 93
233 163
233 164
233 204
233 253
233 258
233 210
233 299
233 190
233 173
233 302
233 175
233 234
234 302
234 106
234 250
234 171
234 183
234 280
234 231
234 261
234 172
234 241
234 130
234 173
234 215
234 190
234 182
234 284
234 180
234 233
234 235
234 236
234 168
234 244
234 164
234 299
234 163
234 301
234 247
234 251
234 253
234 258
235 174
235 244
235 282
235 210
235 243
235 288
235 209
235 305
235 189
235 191
235 186
235 286
235 185
235 192
235 197
235 203
235 276
235 292
235 208
235 213
235 267
235 266
235 264
235 219
235 222
235 224
235 249
235 246
235 234
235 271
236 225
236 258
236 299
236 231
236 288
236 284
236 164
236 234
236 260
236 183
236 190
236 195
236 244
236 279
236 250
236 175
236 204
236 293
236 171
236 166
236 165
236 205
236 212
236 215
236 241
236 221
236 302
236 223
236 269
236 247
237 287
237 255
237 254
237 256
237 248
237 246
237 281
237 176
237 283
237 240
237 285
237 239
237 162
237 289
237 290
237 232
237 178
237 227
237 184
237 186
237 167
237 297
237 298
237 217
237 300
237 259
237 266
237 303
237 201
237 268
238 194
238 221
238 239
238 305
238 295
238 184
238 281
238 280
238 217
238 225
238 276
238 206
238 202
238 199
238 289
238 227
238 230
238 232
238 268
238 188
238 267
238 266
238 186
238 298
238 300
238 166
238 245
238 249
238 260
238 256
239 166
239 188
239 263
239 208
239 230
239 280
239 285
239 191
239 259
239 268
239 305
239 162
239 266
239 178
239 289
239 290
239 256
239 184
239 248
239 186
239 246
239 237
239 298
239 232
239 300
239 229
239 217
239 303
239 203
239 206
240 99
240 46
240 104
240 217
240 129
240 303
240 65
240 54
240 283
240 162
240 277
240 98
240 201
240 108
240 264
240 290
240 291
240 67
240 117
240 145
240 295
240 134
240 297
240 298
240 226
240 256
240 255
240 237
240 135
240 176
241 231
241 165
241 172
241 93
241 230
241 173
241 247
241 142
241 181
241 284
241 253
241 251
241 196
241 190
241 171
241 166
241 236
241 293
241 250
241 175
241 279
241 269
241 204
241 299
241 205
241 225
241 302
241 223
241 221
241 260
242 303
242 210
242 225
242 166
242 252
242 266
242 281
242 216
242 301
242 218
242 236
242 282
242 287
242 279
242 289
242 207
242 178
242 239
242 274
242 294
242 271
242 270
242 167
242 215
242 243
242 244
242 246
242 261
242 258
242 280
243 303
243 300
243 260
243 244
243 214
243 276
243 275
243 271
243 270
243 262
243 258
243 286
243 287
243 252
243 289
243 246
243 242
243 227
243 217
243 216
243 296
243 213
243 210
243 209
243 198
243 193
243 191
243 185
243 179
243 305
244 274
244 239
244 163
244 260
244 165
244 275
244 280
244 279
244 215
244 223
244 270
244 225
244 199
244 230
244 289
244 195
244 194
244 193
244 191
244 232
244 266
244 183
244 265
244 234
244 236
244 261
244 166
244 254
244 242
244 243
245 285
245 288
245 162
245 248
245 237
245 202
245 221
245 227
245 229
245 230
245 249
245 305
245 280
245 276
245 289
245 268
245 267
245 266
245 166
245 260
245 256
245 254
245 238
245 178
245 300
245 225
245 186
245 217
245 188
245 196
246 210
246 197
246 262
246 208
246 191
246 285
246 271
246 300
246 292
246 305
246 280
246 286
246 278
246 276
246 275
246 232
246 267
246 260
246 198
246 206
246 243
246 217
246 298
246 179
246 239
246 237
246 219
246 303
246 224
246 229
247 265
247 168
247 183
247 222
247 223
247 181
247 205
247 252
247 234
247 200
247 287
247 258
247 172
247 288
247 171
247 173
247 169
247 279
247 233
247 236
247 164
247 175
247 163
247 190
247 299
247 241
247 269
247 251
247 253
247 182
248 212
248 222
248 162
248 297
248 230
248 223
248 266
248 281
248 300
248 220
248 285
248 254
248 193
248 268
248 167
248 259
248 260
248 170
248 265
248 289
248 166
248 178
248 298
248 184
248 249
248 232
248 201
248 203
248 239
248 237
249 188
249 256
249 192
249 203
249 183
249 209
249 161
249 285
249 296
249 268
249 230
249 227
249 225
249 167
249 275
249 162
249 254
249 260
249 191
249 229
249 289
249 184
249 248
249 298
249 178
249 300
249 166
249 280
249 266
249 196
250 196
250 195
250 173
250 299
250 215
250 199
250 183
250 304
250 284
250 230
250 166
250 165
250 260
250 269
250 253
250 261
250 142
250 293
250 172
250 279
250 241
250 221
250 223
250 175
250 231
250 236
250 302
250 225
250 190
250 204
251 171
251 172
251 301
251 257
251 233
251 216
251 215
251 214
251 234
251 236
251 205
251 204
251 287
251 288
251 190
251 183
251 182
251 241
251 180
251 247
251 173
251 252
251 253
251 299
251 164
251 93
251 302
251 163
251 304
251 284
252 242
252 275
252 285
252 281
252 198
252 251
252 301
252 259
252 209
252 247
252 169
252 274
252 210
252 288
252 287
252 168
252 170
252 171
252 177
252 294
252 179
252 180
252 182
252 243
252 233
252 205
252 216
252 207
252 214
252 258
253 142
253 236
253 257
253 241
253 215
253 279
253 205
253 293
253 251
253 304
253 182
253 247
253 221
253 288
253 250
253 265
253 258
253 223
253 180
253 233
253 93
253 175
253 164
253 204
253 299
253 173
253 190
253 302
253 163
253 181
254 196
254 203
254 267
254 174
254 211
254 289
254 266
254 244
254 223
254 298
254 273
254 207
254 237
254 239
254 194
254 276
254 225
254 178
254 249
254 186
254 245
254 296
254 166
254 260
254 265
254 300
254 191
254 230
254 221
254 248
255 263
255 282
255 295
255 226
255 168
255 167
255 300
255 239
255 297
255 256
255 285
255 275
255 211
255 289
255 274
255 290
255 291
255 145
255 248
255 176
255 237
255 268
255 283
255 298
255 201
255 162
255 99
255 303
255 240
255 281
256 291
256 238
256 161
256 275
256 226
256 245
256 201
256 237
256 283
256 229
256 297
256 239
256 217
256 178
256 289
256 303
256 278
256 266
256 206
256 188
256 295
256 186
256 280
256 298
256 240
256 300
256 176
256 162
256 264
256 305
257 200
257 213
257 210
257 296
257 214
257 183
257 247
257 259
257 215
257 304
257 241
257 251
257 287
257 190
257 222
257 182
257 253
257 180
257 164
257 269
257 243
257 169
257 205
257 204
257 299
257 261
257 258
257 302
257 171
257 181
258 209
258 246
258 296
258 242
258 252
258 253
258 281
258 243
258 180
258 166
258 236
258 234
258 287
258 259
258 233
258 168
258 223
258 175
258 200
258 294
258 216
258 164
258 215
258 257
258 212
258 171
258 302
258 207
258 205
258 195
259 99
259 168
259 180
259 261
259 266
259 239
259 281
259 282
259 237
259 232
259 229
259 263
259 287
259 216
259 203
259 246
259 201
259 248
259 198
259 193
259 184
259 252
259 258
259 179
259 300
259 262
259 167
259 303
259 270
259 305
260 236
260 241
260 266
260 215
260 231
260 246
260 225
260 248
260 267
260 279
260 221
260 196
260 161
260 222
260 202
260 199
260 230
260 289
260 223
260 273
260 238
260 245
260 280
260 249
260 250
260 300
260 254
260 178
260 166
260 288
261 193
261 259
261 175
261 249
261 257
261 218
261 242
261 232
261 236
261 234
261 300
261 196
261 230
261 268
261 288
261 227
261 225
261 265
261 286
261 282
261 187
261 296
261 244
261 183
261 248
261 250
261 260
261 171
261 166
261 206
262 263
262 144
262 285
262 208
262 303
262 167
262 219
262 305
262 278
262 189
262 197
262 286
262 276
262 186
262 275
262 179
262 178
262 272
262 177
262 271
262 206
262 210
262 264
262 213
262 259
262 217
262 224
262 232
262 246
262 243
263 170
263 294
263 276
263 217
263 291
263 297
263 262
263 224
263 229
263 256
263 285
263 287
263 305
263 282
263 281
263 290
263 193
263 178
263 201
263 203
263 266
263 264
263 298
263 218
263 259
263 232
263 237
263 303
263 239
263 246
264 134
264 67
264 206
264 290
264 188
264 46
264 263
264 229
264 37
264 40
264 147
264 232
264 240
264 108
264 267
264 65
264 291
264 104
264 144
264 129
264 295
264 226
264 122
264 278
264 277
264 117
264 272
264 303
264 105
264 256
265 181
265 183
265 293
265 196
265 299
265 288
265 250
265 178
265 221
265 222
265 190
265 199
265 261
265 230
265 236
265 175
265 223
265 244
265 284
265 163
265 296
265 248
265 253
265 279
265 254
265 165
265 302
265 260
265 194
265 166
266 167
266 268
266 305
266 278
266 279
266 280
266 199
266 267
266 206
266 256
266 188
266 217
266 249
266 225
266 184
266 245
266 178
266 244
266 227
266 229
266 296
266 166
266 298
266 230
266 300
266 162
266 239
266 238
266 237
266 232
267 150
267 208
267 118
267 81
267 235
267 271
267 260
267 174
267 219
267 280
267 189
267 286
267 192
267 186
267 289
267 197
267 206
267 292
267 178
267 278
267 276
267 217
267 272
267 229
267 300
267 266
267 264
267 245
267 246
267 305
268 219
268 188
268 298
268 303
268 229
268 245
268 192
268 239
268 280
268 203
268 227
268 161
268 211
268 300
268 266
268 289
268 248
268 162
268 249
268 176
268 281
268 237
268 297
268 178
268 201
268 184
268 232
268 186
268 191
268 285
269 200
269 304
269 214
269 187
269 299
269 247
269 284
269 195
269 222
269 190
269 163
269 196
269 182
269 288
269 223
269 231
269 257
269 221
269 172
269 164
269 205
269 249
269 174
269 250
269 293
269 279
269 204
269 302
269 241
269 236
270 203
270 222
270 168
270 167
270 225
270 284
270 260
270 259
270 242
270 243
270 280
270 193
270 287
270 288
270 244
270 171
270 276
270 195
270 166
270 274
270 185
270 246
270 248
270 216
270 249
270 266
270 183
270 180
270 209
270 282
271 150
271 276
271 278
271 267
271 264
271 262
271 254
271 246
271 243
271 285
271 286
271 242
271 235
271 289
271 232
271 229
271 224
271 222
271 219
271 218
271 217
271 198
271 192
271 191
271 186
271 185
271 182
271 179
271 174
271 305
272 290
272 76
272 134
272 229
272 186
272 278
272 122
272 188
272 217
272 112
272 108
272 277
272 129
272 104
272 135
272 291
272 226
272 144
272 81
272 295
272 267
272 147
272 67
272 65
272 264
272 46
272 40
272 303
272 189
272 117
273 227
273 304
273 165
273 191
273 250
273 245
273 101
273 258
273 249
273 230
273 285
273 300
273 296
273 301
273 175
273 214
273 288
273 166
273 172
273 174
273 276
273 260
273 195
273 254
273 246
273 199
273 225
273 223
273 221
273 305
274 251
274 198
274 270
274 170
274 200
274 268
274 281
274 282
274 259
274 258
274 255
274 252
274 287
274 288
274 275
274 244
274 205
274 168
274 167
274 294
274 216
274 243
274 242
274 191
274 193
274 237
274 301
274 211
274 303
274 210
275 239
275 266
275 262
275 278
275 214
275 298
275 213
275 290
275 206
275 217
275 281
275 243
275 287
275 184
275 289
275 256
275 198
275 276
275 170
275 229
275 162
275 305
275 285
275 280
275 246
275 167
275 232
275 188
275 191
275 249
276 254
276 260
276 266
276 174
276 197
276 300
276 275
276 192
276 191
276 271
276 178
276 229
276 189
276 188
276 289
276 179
276 238
276 292
276 245
276 186
276 295
276 230
276 217
276 280
276 286
276 278
276 246
276 267
276 219
276 305
277 188
277 105
277 127
277 278
277 37
277 206
277 145
277 135
277 176
277 40
277 217
277 112
277 240
277 67
277 65
277 290
277 291
277 122
277 144
277 98
277 295
277 134
277 226
277 46
277 104
277 272
277 129
277 108
277 264
277 117
278 40
278 147
278 161
278 224
278 232
278 280
278 144
278 129
278 276
278 122
278 272
278 267
278 117
278 266
278 264
278 104
278 81
278 186
278 256
278 295
278 188
278 189
278 192
278 197
278 206
278 217
278 246
278 219
278 229
278 305
279 231
279 194
279 300
279 181
279 247
279 253
279 183
279 165
279 190
279 284
279 175
279 195
279 302
279 178
279 223
279 225
279 236
279 288
279 269
279 204
279 241
279 266
279 265
279 260
279 215
279 166
279 221
279 222
279 250
279 280
280 162
280 296
280 188
280 246
280 279
280 209
280 267
280 275
280 217
280 227
280 256
280 178
280 260
280 288
280 266
280 245
280 225
280 238
280 211
280 278
280 230
280 189
280 276
280 298
280 166
280 229
280 305
280 300
280 249
280 289
281 232
281 186
281 188
281 176
281 248
281 280
281 303
281 224
281 211
281 184
281 249
281 239
281 287
281 288
281 289
281 258
281 275
281 193
281 201
281 162
281 203
281 268
281 297
281 298
281 229
281 300
281 263
281 237
281 259
281 167
282 201
282 281
282 192
282 213
282 271
282 298
282 178
282 235
282 274
282 258
282 264
282 232
282 289
282 246
282 275
282 290
282 242
282 239
282 237
282 287
282 286
282 248
282 259
282 261
282 189
282 263
282 270
282 303
282 167
282 229
283 285
283 206
283 268
283 239
283 161
283 300
283 256
283 138
283 289
283 264
283 229
283 184
283 232
283 162
283 290
283 291
283 176
283 98
283 255
283 295
283 145
283 297
283 298
283 201
283 226
283 240
283 135
283 303
283 237
283 99
284 234
284 181
284 289
284 202
284 279
284 207
284 205
284 221
284 199
284 195
284 223
284 269
284 288
284 230
284 266
284 182
284 265
284 231
284 233
284 260
284 172
284 171
284 236
284 299
284 300
284 165
284 302
284 241
284 250
284 276
285 194
285 176
285 209
285 168
285 170
285 183
285 303
285 230
285 191
285 198
285 275
285 239
285 178
285 289
285 268
285 232
285 167
285 184
285 193
285 185
285 249
285 248
285 298
285 162
285 300
285 207
285 211
285 246
285 237
285 305
286 185
286 174
286 186
286 172
286 140
286 305
286 278
286 282
286 276
286 271
286 267
286 264
286 262
286 261
286 246
286 243
286 292
286 235
286 224
286 219
286 213
286 210
286 209
286 208
286 197
286 192
286 191
286 189
286 182
286 152
287 180
287 282
287 247
287 210
287 270
287 257
287 193
287 213
287 198
287 243
287 237
287 259
287 288
287 170
287 182
287 281
287 224
287 169
287 294
287 168
287 179
287 216
287 242
287 214
287 246
287 275
287 274
287 252
287 258
287 251
288 212
288 204
288 236
288 195
288 223
288 284
288 172
288 273
288 230
288 177
288 287
288 200
288 182
288 289
288 166
288 281
288 280
288 279
288 252
288 190
288 221
288 214
288 260
288 171
288 300
288 301
288 247
288 253
288 168
288 251
289 297
289 276
289 225
289 232
289 245
289 305
289 249
289 211
289 283
289 229
289 188
289 167
289 166
289 230
289 239
289 256
289 191
289 285
289 186
289 280
289 268
289 267
289 298
289 178
289 300
289 238
289 248
289 260
289 162
289 281
290 135
290 255
290 46
290 264
290 188
290 104
290 237
290 239
290 144
290 297
290 283
290 117
290 282
290 108
290 176
290 201
290 217
290 229
290 67
290 65
290 295
290 129
290 298
290 145
290 162
290 291
290 277
290 98
290 226
290 240
291 188
291 65
291 229
291 99
291 298
291 272
291 46
291 117
291 283
291 54
291 67
291 264
291 145
291 277
291 112
291 290
291 108
291 144
291 129
291 295
291 226
291 297
291 201
291 176
291 240
291 135
291 162
291 303
291 98
291 134
292 174
292 179
292 118
292 276
292 267
292 249
292 246
292 178
292 235
292 161
292 230
292 286
292 229
292 227
292 289
292 224
292 220
292 219
292 217
292 208
292 206
292 192
292 298
292 189
292 300
292 188
292 81
292 186
292 185
292 305
293 6
293 48
293 163
293 165
293 39
293 253
293 97
293 132
293 52
293 95
293 128
293 236
293 173
293 223
293 175
293 110
293 142
293 269
293 164
293 190
293 231
293 241
293 70
293 299
293 93
293 204
293 302
293 250
293 304
293 85
294 237
294 224
294 222
294 182
294 205
294 216
294 281
294 209
294 275
294 211
294 268
294 210
294 287
294 288
294 274
294 252
294 246
294 243
294 242
294 258
294 198
294 177
294 263
294 167
294 207
294 301
294 168
294 303
294 169
294 170
295 161
295 232
295 117
295 278
295 98
295 162
295 46
295 186
295 283
295 147
295 134
295 297
295 217
295 144
295 188
295 290
295 291
295 129
295 122
295 277
295 272
295 226
295 65
295 108
295 264
295 104
295 176
295 240
295 67
295 256
296 192
296 266
296 265
296 261
296 279
296 280
296 260
296 258
296 178
296 254
296 249
296 243
296 183
296 230
296 225
296 187
296 166
296 165
296 223
296 219
296 217
296 212
296 209
296 208
296 207
296 191
296 196
296 195
296 194
296 248
297 227
297 211
297 285
297 99
297 126
297 303
297 229
297 201
297 283
297 240
297 281
297 248
297 184
297 178
297 232
297 290
297 291
297 176
297 268
297 237
297 295
297 167
297 298
297 162
297 300
297 161
297 256
297 226
297 138
297 289
298 226
298 246
298 281
298 291
298 184
298 99
298 206
298 178
298 300
298 176
298 161
298 266
298 162
298 285
298 289
298 290
298 239
298 283
298 238
298 240
298 280
298 201
298 297
298 249
298 232
298 229
298 217
298 237
298 248
298 256
299 279
299 171
299 142
299 4
299 41
299 284
299 234
299 236
299 93
299 163
299 205
299 204
299 175
299 233
299 223
299 257
299 173
299 181
299 293
299 172
299 253
299 95
299 164
299 250
299 182
299 247
299 302
299 190
299 304
299 241
300 268
300 288
300 221
300 248
300 297
300 162
300 238
300 166
300 239
300 276
300 254
300 256
300 237
300 186
300 298
300 196
300 266
300 230
300 229
300 227
300 225
300 281
300 267
300 289
300 245
300 280
300 249
300 260
300 178
300 305
301 172
301 260
301 194
301 205
301 275
301 287
301 242
301 190
301 274
301 258
301 294
301 261
301 273
301 243
301 251
301 233
301 215
301 210
301 207
301 216
301 288
301 182
301 180
301 204
301 234
301 236
301 302
301 200
301 252
301 168
302 205
302 284
302 181
302 183
302 279
302 163
302 221
302 212
302 110
302 172
302 215
302 250
302 190
302 92
302 173
302 236
302 233
302 231
302 293
302 204
302 164
302 253
302 223
302 175
302 299
302 269
302 142
302 93
302 304
302 241
303 161
303 297
303 272
303 285
303 206
303 186
303 170
303 268
303 294
303 295
303 248
303 99
303 240
303 298
303 282
303 281
303 226
303 291
303 217
303 232
303 237
303 201
303 239
303 283
303 246
303 256
303 259
303 263
303 264
303 229
304 273
304 195
304 182
304 95
304 221
304 205
304 251
304 181
304 253
304 269
304 142
304 163
304 223
304 173
304 164
304 215
304 190
304 250
304 293
304 93
304 231
304 233
304 199
304 92
304 299
304 204
304 202
304 302
304 236
304 175
305 260
305 167
305 162
305 218
305 191
305 292
305 220
305 209
305 246
305 266
305 275
305 232
305 230
305 229
305 289
305 276
305 219
305 285
305 239
305 217
305 256
305 206
305 280
305 188
305 186
305 300
305 178
305 278
305 166
305 267
