0 36
0 19
0 12
0 18
0 45
1 48
1 28
1 27
1 56
1 44
2 3
2 63
2 45
2 26
2 59
3 68
3 71
3 59
3 11
3 26
4 57
4 55
4 53
4 70
4 48
5 32
5 75
5 64
5 62
5 14
6 43
6 28
6 50
6 48
6 70
7 31
7 6
7 70
7 51
7 20
8 4
8 7
8 28
8 53
8 70
9 73
9 11
9 4
9 51
9 31
10 43
10 6
10 15
10 72
10 50
11 4
11 51
11 56
11 24
11 57
12 47
12 13
12 143
12 40
12 36
13 47
13 38
13 45
13 12
13 40
14 61
14 64
14 11
14 68
14 77
15 6
15 10
15 51
15 50
15 72
16 15
16 31
16 8
16 11
16 14
17 53
17 39
17 55
17 70
17 4
18 152
18 26
18 149
18 19
18 38
19 18
19 37
19 26
19 45
19 38
20 29
20 50
20 4
20 70
20 7
21 69
21 14
21 38
21 3
21 71
22 28
22 72
22 50
22 160
22 6
23 31
23 15
23 50
23 51
23 7
24 53
24 48
24 33
24 56
24 11
25 38
25 36
25 75
25 72
25 62
26 3
26 38
26 63
26 19
26 45
27 66
27 75
27 38
27 1
27 15
28 51
28 6
28 7
28 70
28 48
29 48
29 7
29 52
29 4
29 70
30 29
30 43
30 8
30 57
30 17
31 29
31 9
31 50
31 53
31 7
32 30
32 5
32 16
32 120
32 54
33 20
33 24
33 70
33 48
33 56
34 10
34 43
34 72
34 50
34 6
35 11
35 51
35 56
35 24
35 4
36 81
36 0
36 12
36 45
36 38
37 112
37 144
37 40
37 122
37 65
38 65
38 80
38 37
38 13
38 26
39 48
39 4
39 52
39 70
39 43
40 65
40 46
40 117
40 112
40 122
41 53
41 51
41 33
41 70
41 52
42 20
42 23
42 61
42 51
42 68
43 7
43 70
43 6
43 39
43 48
44 14
44 13
44 64
44 38
44 1
45 66
45 37
45 40
45 19
45 76
46 277
46 117
46 129
46 67
46 108
47 45
47 66
47 76
47 13
47 37
48 51
48 56
48 6
48 4
48 70
49 9
49 43
49 6
49 53
49 50
50 31
50 15
50 70
50 72
50 6
51 57
51 7
51 53
51 48
51 56
52 7
52 29
52 6
52 70
52 41
53 31
53 70
53 4
53 51
53 48
54 112
54 291
54 134
54 65
54 144
55 57
55 48
55 43
55 70
55 4
56 11
56 4
56 57
56 51
56 48
57 53
57 11
57 51
57 56
57 4
58 52
58 29
58 7
58 51
58 4
59 61
59 71
59 3
59 2
59 68
60 38
60 40
60 54
60 119
60 154
61 51
61 57
61 68
61 14
61 77
62 14
62 10
62 15
62 75
62 25
63 2
63 71
63 77
63 45
63 26
64 14
64 35
64 57
64 69
64 11
65 117
65 67
65 104
65 122
65 144
66 65
66 80
66 112
66 40
66 148
67 226
67 98
67 129
67 108
67 46
68 61
68 26
68 120
68 3
68 59
69 68
69 57
69 63
69 26
69 64
70 29
70 4
70 7
70 48
70 6
71 69
71 64
71 59
71 3
71 63
72 70
72 34
72 15
72 6
72 50
73 11
73 53
73 4
73 56
73 9
74 24
74 91
74 26
74 1
74 17
75 27
75 25
75 62
75 13
75 19
76 78
76 45
76 40
76 144
76 65
77 26
77 14
77 57
77 24
77 63
78 25
78 76
78 21
78 138
78 40
79 27
79 28
79 51
79 30
79 15
80 112
80 38
80 117
80 65
80 66
81 40
81 152
81 117
81 144
81 147
82 167
82 99
82 131
82 149
82 103
83 95
83 56
83 51
83 114
83 110
84 96
84 107
84 51
84 97
84 133
85 95
85 52
85 6
85 93
85 39
86 137
86 37
86 119
86 149
86 156
87 158
87 138
87 102
87 119
87 191
88 85
88 95
88 132
88 96
88 92
89 119
89 71
89 26
89 148
89 149
90 99
90 225
90 138
90 154
90 121
91 33
91 48
91 97
91 4
91 95
92 132
92 302
92 97
92 142
92 93
93 142
93 302
93 293
93 95
93 173
94 96
94 83
94 114
94 136
94 133
95 56
95 173
95 93
95 97
95 4
96 88
96 133
96 132
96 171
96 84
97 93
97 110
97 164
97 95
97 92
98 108
98 240
98 226
98 67
98 291
99 283
99 126
99 135
99 138
99 201
100 94
100 124
100 97
100 132
100 142
101 165
101 223
101 288
101 199
101 130
102 87
102 121
102 141
102 103
102 116
103 141
103 116
103 120
103 155
103 82
104 46
104 65
104 129
104 108
104 67
105 117
105 123
105 264
105 129
105 144
106 97
106 110
106 231
106 142
106 136
107 116
107 84
107 302
107 180
107 133
108 117
108 129
108 104
108 46
108 67
109 121
109 82
109 138
109 154
109 103
110 50
110 7
110 97
110 83
110 142
111 160
111 106
111 151
111 124
111 118
112 40
112 144
112 65
112 117
112 134
113 125
113 81
113 76
113 135
113 123
114 39
114 151
114 7
114 83
114 132
115 146
115 102
115 116
115 141
115 138
116 120
116 155
116 153
116 103
116 143
117 144
117 65
117 129
117 46
117 108
118 140
118 267
118 150
118 151
118 81
119 86
119 103
119 121
119 60
119 87
120 155
120 3
120 143
120 103
120 68
121 139
121 113
121 44
121 119
121 103
122 40
122 129
122 46
122 65
122 67
123 113
123 134
123 117
123 144
123 105
124 7
124 85
124 160
124 142
124 128
125 86
125 88
125 159
125 113
125 157
126 117
126 138
126 135
126 99
126 105
127 144
127 104
127 65
127 37
127 112
128 142
128 50
128 6
128 124
128 151
129 277
129 104
129 46
129 67
129 108
130 106
130 151
130 101
130 133
130 93
131 3
131 143
131 82
131 155
131 103
132 110
132 52
132 142
132 114
132 70
133 114
133 130
133 84
133 94
133 97
134 65
134 144
134 117
134 104
134 112
135 113
135 65
135 98
135 144
135 117
136 83
136 142
136 20
136 114
136 106
137 1
137 0
137 103
137 86
137 146
138 297
138 115
138 99
138 283
138 126
139 157
139 177
139 121
139 119
139 99
140 76
140 150
140 81
140 147
140 152
141 102
141 64
141 143
141 146
141 103
142 302
142 70
142 7
142 93
142 110
143 73
143 26
143 155
143 120
143 11
144 134
144 104
144 112
144 65
144 117
145 283
145 226
145 240
145 98
145 291
146 68
146 141
146 155
146 11
146 103
147 117
147 65
147 81
147 104
147 144
148 37
148 40
148 66
148 152
148 144
149 86
149 148
149 37
149 45
149 152
150 123
150 118
150 81
150 152
150 140
151 130
151 118
151 22
151 114
151 128
152 140
152 147
152 149
152 81
152 148
153 102
153 143
153 103
153 83
153 116
154 19
154 144
154 149
154 60
154 229
155 146
155 143
155 103
155 131
155 120
156 154
156 37
156 149
156 86
156 144
157 146
157 82
157 125
157 159
157 103
158 230
158 266
158 225
158 221
158 166
159 113
159 125
159 148
159 157
159 123
160 22
160 52
160 124
160 70
160 6
161 230
161 162
161 206
161 217
161 188
162 227
162 206
162 217
162 188
162 176
163 253
163 175
163 233
163 173
163 204
164 175
164 299
164 182
164 173
164 190
165 236
165 183
165 196
165 166
165 223
166 266
166 194
166 225
166 178
166 230
167 229
167 211
167 217
167 198
167 230
168 288
168 216
168 170
168 207
168 167
169 214
169 200
169 170
169 180
169 287
170 169
170 248
170 274
170 216
170 168
171 288
171 236
171 221
171 214
171 284
172 183
172 230
172 175
172 166
172 250
173 70
173 181
173 164
173 299
173 93
174 166
174 267
174 187
174 178
174 196
175 181
175 302
175 253
175 223
175 173
176 227
176 217
176 240
176 188
176 162
177 220
177 167
177 198
177 203
177 209
178 300
178 162
178 186
178 166
178 230
179 198
179 217
179 219
179 210
179 189
180 200
180 253
180 175
180 258
180 164
181 204
181 253
181 175
181 299
181 173
182 216
182 163
182 164
182 210
182 205
183 185
183 178
183 221
183 204
183 165
184 191
184 167
184 249
184 248
184 201
185 178
185 217
185 208
185 187
185 206
186 208
186 161
186 206
186 217
186 188
187 196
187 204
187 206
187 174
187 185
188 230
188 176
188 227
188 206
188 217
189 219
189 211
189 188
189 230
189 217
190 163
190 164
190 204
190 215
190 302
191 275
191 184
191 229
191 186
191 289
192 186
192 178
192 219
192 267
192 229
193 285
193 184
193 194
193 248
193 167
194 178
194 204
194 221
194 225
194 166
195 190
195 221
195 223
195 284
195 215
196 300
196 165
196 230
196 166
196 199
197 227
197 267
197 278
197 189
197 219
198 211
198 227
198 167
198 217
198 188
199 223
199 196
199 230
199 166
199 221
200 288
200 210
200 180
200 168
200 163
201 162
201 145
201 240
201 297
201 283
202 289
202 223
202 221
202 260
202 231
203 212
203 191
203 177
203 248
203 204
204 190
204 223
204 302
204 175
204 221
205 164
205 190
205 236
205 182
205 216
206 227
206 176
206 188
206 162
206 217
207 285
207 230
207 211
207 167
207 168
208 230
208 185
208 186
208 189
208 219
209 189
209 211
209 217
209 230
209 206
210 200
210 222
210 182
210 198
210 179
211 188
211 162
211 227
211 189
211 230
212 230
212 302
212 183
212 236
212 203
213 229
213 189
213 219
213 235
213 262
214 251
214 205
214 288
214 287
214 171
215 244
215 195
215 190
215 304
215 223
216 252
216 170
216 182
216 205
216 168
217 189
217 227
217 206
217 188
217 162
218 217
218 198
218 161
218 229
218 188
219 229
219 206
219 197
219 189
219 217
220 166
220 209
220 189
220 230
220 211
221 199
221 204
221 236
221 223
221 166
222 215
222 230
222 279
222 211
222 167
223 302
223 221
223 293
223 165
223 250
224 271
224 278
224 189
224 246
224 262
225 221
225 166
225 194
225 230
225 178
226 277
226 291
226 98
226 240
226 67
227 176
227 162
227 217
227 230
227 188
228 86
228 305
228 286
228 189
228 224
229 266
229 188
229 298
229 217
229 162
230 189
230 211
230 227
230 217
230 188
231 293
231 204
231 142
231 223
231 250
232 266
232 246
232 303
232 237
232 298
233 173
233 299
233 163
233 93
233 253
234 236
234 258
234 251
234 164
234 233
235 192
235 213
235 219
235 286
235 185
236 223
236 221
236 250
236 279
236 241
237 298
237 201
237 232
237 303
237 239
238 300
238 260
238 245
238 298
238 289
239 300
239 266
239 298
239 303
239 237
240 176
240 226
240 291
240 98
240 145
241 175
241 204
241 250
241 279
241 236
242 244
242 282
242 270
242 287
242 167
243 179
243 198
243 286
243 258
243 246
244 194
244 166
244 199
244 230
244 215
245 166
245 280
245 300
245 260
245 188
246 217
246 278
246 276
246 267
246 275
247 163
247 288
247 182
247 299
247 175
248 249
248 178
248 298
248 203
248 237
249 166
249 300
249 280
249 266
249 298
250 236
250 231
250 175
250 223
250 302
251 214
251 182
251 288
251 233
251 253
252 233
252 182
252 216
252 258
252 288
253 223
253 299
253 302
253 175
253 181
254 166
254 186
254 300
254 178
254 260
255 274
255 201
255 176
255 240
255 283
256 176
256 240
256 188
256 295
256 162
257 253
257 164
257 205
257 258
257 299
258 233
258 180
258 252
258 243
258 257
259 287
259 263
259 303
259 282
259 281
260 178
260 289
260 230
260 166
260 300
261 225
261 171
261 260
261 250
261 183
262 264
262 189
262 213
262 271
262 224
263 232
263 264
263 281
263 303
263 259
264 144
264 295
264 104
264 129
264 272
265 253
265 279
265 248
265 175
265 244
266 300
266 166
266 188
266 229
266 249
267 246
267 300
267 286
267 278
267 276
268 184
268 289
268 232
268 162
268 176
269 236
269 302
269 204
269 241
269 293
270 185
270 246
270 216
270 242
270 195
271 246
271 267
271 186
271 289
271 262
272 104
272 278
272 129
272 277
272 295
273 166
273 199
273 260
273 223
273 225
274 167
274 216
274 255
274 287
274 170
275 232
275 188
275 285
275 191
275 246
276 286
276 278
276 305
276 267
276 246
277 226
277 46
277 129
277 108
277 67
278 264
278 217
278 246
278 267
278 272
279 221
279 204
279 250
279 241
279 236
280 298
280 305
280 300
280 249
280 289
281 289
281 263
281 237
281 259
281 167
282 246
282 259
282 303
282 290
282 229
283 290
283 145
283 201
283 240
283 291
284 233
284 302
284 300
284 171
284 195
285 184
285 162
285 275
285 298
285 289
286 246
286 189
286 235
286 276
286 267
287 214
287 274
287 259
287 169
287 294
288 190
288 280
288 252
288 168
288 260
289 267
289 238
289 285
289 280
289 300
290 162
290 240
290 291
290 226
290 277
291 290
291 226
291 240
291 98
291 277
292 246
292 305
292 189
292 267
292 276
293 70
293 299
293 173
293 93
293 223
294 170
294 168
294 303
294 252
294 287
295 188
295 226
295 277
295 67
295 272
296 249
296 166
296 178
296 280
296 266
297 298
297 176
297 283
297 162
297 201
298 240
298 249
298 229
298 232
298 162
299 253
299 181
299 293
299 164
299 173
300 260
300 280
300 245
300 305
300 289
301 180
301 204
301 288
301 216
301 182
302 175
302 223
302 93
302 204
302 250
303 291
303 232
303 237
303 264
303 239
304 302
304 293
304 173
304 215
304 299
305 278
305 256
305 300
305 280
305 276
